1.693637497410612e+09
1.6936374974111898e+09
1.6936374974113612e+09
1.6936375058107712e+09
1.693637505812615e+09
1.69363750581386e+09
1.6936375141994314e+09
1.6936375141996634e+09
1.693637514205257e+09
1.6936375227502644e+09
1.6936375227569e+09
1.6936375227569568e+09
1.6936375312005315e+09
1.6936375312037811e+09
1.6936375312045991e+09
1.693637539812668e+09
1.693637539816682e+09
1.6936375398183508e+09
1.6936375483746898e+09
1.6936375483756545e+09
1.6936375483763294e+09
1.6936375565560832e+09
1.6936375565594234e+09
1.693637556560138e+09
1.6936375652625792e+09
1.6936375652637253e+09
1.69363756526651e+09
1.693637573819724e+09
1.6936375738223605e+09
1.6936375738268998e+09
1.6936375822042592e+09
1.6936375822068462e+09
1.6936375822083914e+09
1.6936375904293802e+09
1.6936375904294848e+09
1.6936375904346204e+09
1.693637598942915e+09
1.6936375989433699e+09
1.693637598944416e+09
1.6936376074624078e+09
1.693637607469405e+09
1.693637607470302e+09
1.6936376159787517e+09
1.6936376159846416e+09
1.6936376159872255e+09
1.6936376246792498e+09
1.6936376246792238e+09
1.693637624681219e+09
1.6936376333455777e+09
1.6936376333454556e+09
1.6936376333486438e+09
1.6936376417126927e+09
1.6936376417128804e+09
1.693637641718279e+09
