1.6936375045542905e+09
1.6936375045552056e+09
1.6936375045589635e+09
1.693637513182219e+09
1.6936375131822844e+09
1.693637513182675e+09
1.6936375218662505e+09
1.6936375218728166e+09
1.6936375218775413e+09
1.6936375304112782e+09
1.6936375304115353e+09
1.693637530414883e+09
1.693637539134461e+09
1.693637539134695e+09
1.6936375391414094e+09
1.6936375475973558e+09
1.6936375475980477e+09
1.6936375475982754e+09
1.6936375562558215e+09
1.6936375562593622e+09
1.6936375562632375e+09
1.693637564739474e+09
1.6936375647402985e+09
1.693637564740487e+09
1.6936375733007061e+09
1.6936375733061829e+09
1.6936375733063664e+09
1.6936375820074506e+09
1.6936375820099485e+09
1.693637582013094e+09
1.6936375905693552e+09
1.6936375905715692e+09
1.693637590572181e+09
1.6936375992865052e+09
1.69363759928732e+09
1.6936375992889626e+09
1.6936376079717588e+09
1.6936376079721673e+09
1.6936376079737272e+09
1.6936376163073869e+09
1.693637616314358e+09
1.6936376163146975e+09
1.6936376247968757e+09
1.6936376248001015e+09
1.6936376248007715e+09
1.6936376333265774e+09
1.6936376333290915e+09
1.693637633335152e+09
1.6936376417018585e+09
1.6936376417109241e+09
1.6936376417111838e+09
