1.693637506336658e+09
1.6936375063367481e+09
1.6936375063407083e+09
1.6936375147800148e+09
1.693637514781657e+09
1.6936375147847142e+09
1.69363752309721e+09
1.6936375230989215e+09
1.6936375231023526e+09
1.6936375316400447e+09
1.6936375316413522e+09
1.6936375316421995e+09
1.6936375400934494e+09
1.6936375400934505e+09
1.6936375400943997e+09
1.693637548577375e+09
1.693637548578944e+09
1.6936375485795019e+09
1.6936375570757568e+09
1.693637557075934e+09
1.693637557078468e+09
1.6936375654844494e+09
1.693637565485652e+09
1.6936375654878776e+09
1.6936375741156569e+09
1.6936375741166143e+09
1.6936375741178052e+09
1.6936375828194752e+09
1.693637582821047e+09
1.6936375828251884e+09
1.6936375912565641e+09
1.6936375912577014e+09
1.693637591257959e+09
1.6936375998500655e+09
1.6936375998512592e+09
1.6936375998526998e+09
1.6936376086685274e+09
1.6936376086697865e+09
1.6936376086711764e+09
1.6936376173124607e+09
1.6936376173151987e+09
1.6936376173171566e+09
1.6936376257534106e+09
1.6936376257536068e+09
1.6936376257544563e+09
1.6936376343948238e+09
1.6936376343946755e+09
1.6936376343978493e+09
1.6936376429063954e+09
1.693637642909131e+09
1.6936376429145021e+09
