1.6936375098558512e+09
1.6936375098575609e+09
1.6936375098609128e+09
1.6936375180800912e+09
1.6936375180831623e+09
1.6936375180855699e+09
1.69363752634193e+09
1.6936375263426862e+09
1.6936375263479838e+09
1.6936375352422085e+09
1.6936375352443829e+09
1.6936375352460127e+09
1.693637543466423e+09
1.6936375434694133e+09
1.693637543469823e+09
1.6936375522234652e+09
1.6936375522262018e+09
1.693637552226115e+09
1.6936375608893056e+09
1.6936375608927965e+09
1.693637560894571e+09
1.6936375693675811e+09
1.6936375693687773e+09
1.6936375693727002e+09
1.6936375776117578e+09
1.6936375776143355e+09
1.6936375776244454e+09
1.6936375862516763e+09
1.6936375862538419e+09
1.6936375862557647e+09
1.6936375949618325e+09
1.6936375949665902e+09
1.6936375949667883e+09
1.693637603655084e+09
1.6936376036549492e+09
1.6936376036550963e+09
1.6936376121898997e+09
1.6936376121921287e+09
1.6936376121947293e+09
1.6936376207443867e+09
1.6936376207471826e+09
1.6936376207478354e+09
1.6936376293184402e+09
1.6936376293206167e+09
1.693637629326946e+09
1.6936376379255452e+09
1.6936376379330475e+09
1.6936376379336593e+09
1.6936376466154027e+09
1.693637646617257e+09
1.693637646618554e+09
