1.6936375100927155e+09
1.6936375100965502e+09
1.6936375100967176e+09
1.6936375185343199e+09
1.6936375185351117e+09
1.6936375185371275e+09
1.693637527311082e+09
1.6936375273126154e+09
1.693637527312646e+09
1.6936375359862657e+09
1.6936375359866962e+09
1.6936375359874358e+09
1.6936375444637911e+09
1.6936375444682312e+09
1.693637544461621e+09
1.693637552865387e+09
1.6936375528664527e+09
1.6936375528682947e+09
1.6936375612428086e+09
1.693637561245626e+09
1.6936375612507818e+09
1.69363756955782e+09
1.6936375695601408e+09
1.6936375695616148e+09
1.6936375781240072e+09
1.693637578130615e+09
1.6936375781306202e+09
1.6936375868634212e+09
1.6936375868662927e+09
1.6936375868685153e+09
1.6936375959001536e+09
1.6936375959031873e+09
1.6936375959046972e+09
1.6936376046295218e+09
1.6936376046307487e+09
1.6936376046329339e+09
1.6936376131196222e+09
1.6936376131207201e+09
1.6936376131216538e+09
1.6936376215942922e+09
1.6936376215956857e+09
1.6936376215984545e+09
1.693637630005381e+09
1.6936376300062416e+09
1.6936376300075169e+09
1.693637638554618e+09
1.6936376385550091e+09
1.6936376385565052e+09
1.693637647049033e+09
1.6936376470501273e+09
1.6936376470501268e+09
