1.69363751044436e+09
1.6936375104444375e+09
1.6936375104473002e+09
1.6936375186336803e+09
1.6936375186336582e+09
1.6936375186360855e+09
1.693637527178658e+09
1.6936375271792717e+09
1.6936375271810324e+09
1.6936375357220244e+09
1.693637535722315e+09
1.6936375357235553e+09
1.693637544407236e+09
1.693637544409375e+09
1.6936375444111402e+09
1.6936375529378698e+09
1.6936375529401186e+09
1.6936375529401312e+09
1.6936375614412262e+09
1.693637561442471e+09
1.6936375614512537e+09
1.6936375698550787e+09
1.6936375698560166e+09
1.6936375698588495e+09
1.6936375782216861e+09
1.6936375782230942e+09
1.6936375782232552e+09
1.6936375871562366e+09
1.693637587160161e+09
1.6936375871605256e+09
1.693637595852439e+09
1.6936375958556902e+09
1.6936375958583603e+09
1.6936376047204037e+09
1.69363760472207e+09
1.6936376047245905e+09
1.693637613183436e+09
1.6936376131838312e+09
1.6936376131858094e+09
1.6936376217483468e+09
1.6936376217493446e+09
1.6936376217568815e+09
1.6936376302013836e+09
1.693637630202526e+09
1.6936376302030015e+09
1.693637638825026e+09
1.6936376388255534e+09
1.693637638828136e+09
1.6936376472565246e+09
1.6936376472588487e+09
1.6936376472631006e+09
