1.6936375102082114e+09
1.6936375102099879e+09
1.6936375102100756e+09
1.693637518495698e+09
1.6936375184970987e+09
1.6936375184996576e+09
1.6936375269313192e+09
1.693637526933738e+09
1.6936375269382205e+09
1.6936375357130368e+09
1.6936375357168581e+09
1.6936375357189023e+09
1.6936375443587832e+09
1.6936375443616335e+09
1.6936375443650424e+09
1.6936375528127809e+09
1.693637552813124e+09
1.6936375528182635e+09
1.693637561193287e+09
1.6936375611954277e+09
1.6936375611965525e+09
1.6936375696621702e+09
1.6936375696637743e+09
1.693637569664025e+09
1.6936375781301703e+09
1.6936375781302376e+09
1.693637578130859e+09
1.6936375871552844e+09
1.6936375871569955e+09
1.6936375871604102e+09
1.6936375958981955e+09
1.6936375958997152e+09
1.6936375959040327e+09
1.6936376045471594e+09
1.693637604548453e+09
1.693637604548269e+09
1.693637612841689e+09
1.6936376128423688e+09
1.6936376128427682e+09
1.6936376211928284e+09
1.6936376211939056e+09
1.6936376211950662e+09
1.69363762948923e+09
1.6936376294892726e+09
1.6936376294928703e+09
1.6936376382282524e+09
1.6936376382315228e+09
1.6936376382398536e+09
1.6936376468644354e+09
1.6936376468660657e+09
1.693637646869682e+09
