1.6936374995498714e+09
1.6936374995498176e+09
1.6936374995537176e+09
1.6936375079746737e+09
1.6936375079772918e+09
1.693637507977507e+09
1.6936375166519403e+09
1.6936375166560879e+09
1.6936375166560762e+09
1.6936375250977595e+09
1.6936375250987554e+09
1.69363752510203e+09
1.6936375334357967e+09
1.6936375334387648e+09
1.693637533438935e+09
1.6936375419575355e+09
1.693637541959649e+09
1.69363754196289e+09
1.6936375506669333e+09
1.6936375506677961e+09
1.693637550669767e+09
1.693637559153952e+09
1.6936375591549845e+09
1.693637559156888e+09
1.6936375676944425e+09
1.6936375676948104e+09
1.693637567695086e+09
1.6936375762119443e+09
1.6936375762143912e+09
1.6936375762156758e+09
1.6936375848292105e+09
1.6936375848314657e+09
1.693637584833876e+09
1.6936375934238274e+09
1.6936375934250026e+09
1.6936375934276538e+09
1.6936376020266507e+09
1.6936376020272832e+09
1.6936376020292993e+09
1.693637610902868e+09
1.6936376109034245e+09
1.6936376109057922e+09
1.6936376194282985e+09
1.6936376194286492e+09
1.693637619432521e+09
1.6936376277795756e+09
1.6936376277795374e+09
1.6936376277810502e+09
1.6936376360970123e+09
1.6936376360974665e+09
1.6936376361002762e+09
1.6936376446031957e+09
1.693637644604066e+09
1.6936376446041708e+09
