1.6936382180009778e+09
1.6936382180058248e+09
1.6936382180059464e+09
1.6936382260748024e+09
1.69363822607593e+09
1.6936382260816717e+09
1.6936382342986286e+09
1.6936382343000965e+09
1.69363823430364e+09
1.6936382424068625e+09
1.6936382424109583e+09
1.693638242411576e+09
1.693638250639818e+09
1.6936382506397133e+09
1.6936382506435657e+09
1.6936382588519049e+09
1.6936382588554957e+09
1.6936382588569183e+09
1.6936382671387312e+09
1.6936382671434183e+09
1.6936382671433494e+09
1.693638275370668e+09
1.6936382753710735e+09
1.6936382753733642e+09
1.6936382835928638e+09
1.693638283592724e+09
1.6936382835983515e+09
1.6936382916109138e+09
1.6936382916112952e+09
1.693638291611904e+09
1.693638299914671e+09
1.6936382999180007e+09
1.6936382999202235e+09
1.693638308197694e+09
1.6936383081981888e+09
1.6936383082043188e+09
1.693638316455914e+09
1.6936383164566638e+09
1.6936383164622993e+09
1.6936383246247845e+09
1.6936383246248827e+09
1.693638324627475e+09
1.6936383328865268e+09
1.6936383328874857e+09
1.6936383328881533e+09
1.6936383412856112e+09
1.6936383412869282e+09
1.69363834128749e+09
1.693638349451573e+09
1.6936383494550278e+09
1.6936383494552877e+09
1.6936383576979244e+09
1.693638357698332e+09
1.6936383576998537e+09
1.6936383657867436e+09
1.6936383657881486e+09
1.6936383657919397e+09
