1.6936382186465766e+09
1.6936382186464648e+09
1.693638218646465e+09
1.693638226884925e+09
1.693638226885817e+09
1.693638226886027e+09
1.6936382351972651e+09
1.6936382351984107e+09
1.6936382352007582e+09
1.6936382433526065e+09
1.693638243355341e+09
1.6936382433553333e+09
1.6936382516892354e+09
1.6936382516903229e+09
1.6936382516942182e+09
1.6936382598688953e+09
1.693638259869209e+09
1.693638259869821e+09
1.6936382679770305e+09
1.6936382679781063e+09
1.6936382679820032e+09
1.6936382761505227e+09
1.6936382761519623e+09
1.6936382761556587e+09
1.6936382842329473e+09
1.6936382842339015e+09
1.6936382842403293e+09
1.6936382922068567e+09
1.6936382922068563e+09
1.693638292207385e+09
1.69363830041309e+09
1.6936383004155743e+09
1.6936383004154665e+09
1.6936383083895116e+09
1.6936383083902855e+09
1.6936383083902223e+09
1.6936383166996725e+09
1.693638316700458e+09
1.6936383167010083e+09
1.6936383247327309e+09
1.6936383247335522e+09
1.6936383247337906e+09
1.6936383330429564e+09
1.6936383330446105e+09
1.6936383330453365e+09
1.6936383411998e+09
1.6936383411999722e+09
1.6936383412041392e+09
1.6936383493423185e+09
1.693638349342273e+09
1.6936383493466048e+09
1.6936383574973364e+09
1.6936383575005314e+09
1.6936383575008698e+09
1.693638365791508e+09
1.6936383657968583e+09
1.693638365797362e+09
