1.6936382185955427e+09
1.6936382185956397e+09
1.6936382185958123e+09
1.6936382266274354e+09
1.693638226630891e+09
1.6936382266340382e+09
1.6936382349285204e+09
1.693638234929088e+09
1.6936382349295642e+09
1.6936382429780085e+09
1.6936382429789586e+09
1.6936382429809642e+09
1.6936382510883298e+09
1.6936382510921104e+09
1.6936382510923727e+09
1.6936382592483158e+09
1.6936382592503967e+09
1.69363825925261e+09
1.6936382672083757e+09
1.693638267212287e+09
1.6936382672135885e+09
1.6936382754232657e+09
1.6936382754247787e+09
1.693638275425034e+09
1.693638283597951e+09
1.6936382836002014e+09
1.693638283601182e+09
1.6936382916439302e+09
1.6936382916444216e+09
1.6936382916460552e+09
1.6936382997864552e+09
1.693638299789658e+09
1.6936382998071368e+09
1.6936383080328689e+09
1.6936383080349998e+09
1.6936383080354073e+09
1.6936383159861248e+09
1.693638315988271e+09
1.6936383159887488e+09
1.6936383241605804e+09
1.6936383241652942e+09
1.693638324165305e+09
1.6936383322492657e+09
1.693638332250598e+09
1.6936383322528946e+09
1.693638340554239e+09
1.693638340556044e+09
1.6936383405564318e+09
1.693638348749591e+09
1.6936383487530642e+09
1.6936383487531576e+09
1.6936383567031527e+09
1.6936383567037857e+09
1.6936383567077131e+09
1.6936383646925526e+09
1.6936383646937215e+09
1.6936383646968782e+09
