1.693638218273361e+09
1.6936382182748642e+09
1.693638218278179e+09
1.693638226203161e+09
1.693638226203876e+09
1.6936382262083466e+09
1.6936382343620262e+09
1.6936382343648558e+09
1.693638234368665e+09
1.6936382425418978e+09
1.6936382425426204e+09
1.6936382425441325e+09
1.6936382507398794e+09
1.6936382507411866e+09
1.693638250743723e+09
1.693638258909571e+09
1.6936382589100606e+09
1.693638258912369e+09
1.693638266865338e+09
1.693638266867666e+09
1.6936382668688605e+09
1.6936382747977414e+09
1.6936382748038836e+09
1.6936382748048282e+09
1.6936382830722756e+09
1.693638283074657e+09
1.6936382830748618e+09
1.6936382910464544e+09
1.6936382910467725e+09
1.693638291046945e+09
1.693638299497941e+09
1.6936382994982424e+09
1.6936382994981768e+09
1.6936383077451239e+09
1.693638307746923e+09
1.6936383077506413e+09
1.6936383158686886e+09
1.6936383158722277e+09
1.693638315872646e+09
1.6936383240788732e+09
1.6936383240788622e+09
1.6936383240811512e+09
1.693638332218068e+09
1.6936383322202852e+09
1.6936383322218761e+09
1.6936383406326356e+09
1.6936383406325884e+09
1.6936383406360881e+09
1.693638348855257e+09
1.6936383488572016e+09
1.6936383488624382e+09
1.6936383568121178e+09
1.693638356812661e+09
1.6936383568165288e+09
1.6936383648030133e+09
1.6936383648060575e+09
1.693638364806441e+09
