1.6936385815679848e+09
1.6936385815693388e+09
1.6936385815707164e+09
1.6936385897403986e+09
1.6936385897416468e+09
1.693638589748182e+09
1.6936385976613e+09
1.6936385976617064e+09
1.6936385976619537e+09
1.6936386056737483e+09
1.693638605677405e+09
1.6936386056775804e+09
1.6936386138776598e+09
1.6936386138792577e+09
1.6936386138795302e+09
1.6936386219886699e+09
1.6936386219906626e+09
1.6936386219949508e+09
1.6936386300545306e+09
1.6936386300571427e+09
1.693638630058585e+09
1.6936386378977606e+09
1.6936386378984084e+09
1.69363863790105e+09
1.6936386459066951e+09
1.6936386459093874e+09
1.6936386459096866e+09
1.6936386541952305e+09
1.6936386542001238e+09
1.6936386542021453e+09
1.6936386623646946e+09
1.6936386623659265e+09
1.693638662368952e+09
1.6936386702353482e+09
1.693638670235543e+09
1.6936386702379937e+09
1.6936386782045043e+09
1.6936386782049196e+09
1.6936386782074592e+09
1.6936386861311326e+09
1.693638686131515e+09
1.6936386861333792e+09
1.693638694226703e+09
1.693638694227981e+09
1.6936386942297444e+09
1.6936387021225824e+09
1.693638702122814e+09
1.6936387021251597e+09
1.693638710207268e+09
1.693638710210787e+09
1.6936387102133121e+09
1.693638718090994e+09
1.6936387180924017e+09
1.6936387180924015e+09
1.6936387262749732e+09
1.6936387262749732e+09
1.6936387262753878e+09
