1.6936385817752573e+09
1.6936385817751782e+09
1.6936385817766793e+09
1.6936385897082698e+09
1.693638589708547e+09
1.693638589708961e+09
1.693638597717323e+09
1.6936385977189493e+09
1.693638597719022e+09
1.6936386058273828e+09
1.6936386058286035e+09
1.693638605830168e+09
1.693638613949456e+09
1.6936386139523704e+09
1.693638613954868e+09
1.693638621822373e+09
1.6936386218225152e+09
1.693638621823106e+09
1.693638629991595e+09
1.6936386299933424e+09
1.6936386299937923e+09
1.6936386381741545e+09
1.6936386381748748e+09
1.6936386381779807e+09
1.6936386461192164e+09
1.6936386461200776e+09
1.6936386461202247e+09
1.6936386541597e+09
1.6936386541597466e+09
1.6936386541608272e+09
1.6936386625542648e+09
1.693638662554267e+09
1.6936386625560703e+09
1.6936386705185137e+09
1.6936386705187106e+09
1.6936386705188727e+09
1.6936386786206763e+09
1.6936386786212287e+09
1.6936386786225019e+09
1.6936386869361393e+09
1.6936386869362998e+09
1.693638686939168e+09
1.6936386948195612e+09
1.693638694820131e+09
1.6936386948227413e+09
1.693638702759516e+09
1.6936387027595584e+09
1.6936387027604823e+09
1.6936387107079077e+09
1.6936387107129622e+09
1.6936387107129908e+09
1.6936387187885637e+09
1.693638718789788e+09
1.6936387187929707e+09
1.6936387268559968e+09
1.6936387268588226e+09
1.6936387268630407e+09
