1.6936387551268854e+09
1.6936387551280067e+09
1.6936387551288507e+09
1.693638762959417e+09
1.6936387629595616e+09
1.6936387629638343e+09
1.6936387712161317e+09
1.693638771216811e+09
1.6936387712188172e+09
1.6936387792836869e+09
1.6936387792848141e+09
1.6936387792850113e+09
1.6936387873414443e+09
1.6936387873428695e+09
1.69363878734313e+09
1.6936387955501928e+09
1.6936387955504708e+09
1.6936387955517623e+09
1.6936388036293344e+09
1.693638803631497e+09
1.6936388036315134e+09
1.6936388115630226e+09
1.6936388115640192e+09
1.693638811564619e+09
1.6936388194140513e+09
1.6936388194147182e+09
1.6936388194183455e+09
1.69363882753857e+09
1.693638827539689e+09
1.6936388275420828e+09
1.6936388356061332e+09
1.6936388356077971e+09
1.6936388356111012e+09
1.6936388437822156e+09
1.6936388437822235e+09
1.6936388437836697e+09
1.6936388516126199e+09
1.6936388516149929e+09
1.6936388516165347e+09
1.6936388596676698e+09
1.6936388596677928e+09
1.69363885966797e+09
1.6936388677258952e+09
1.693638867726335e+09
1.6936388677269294e+09
1.6936388758088624e+09
1.693638875811525e+09
1.6936388758140364e+09
1.6936388839737952e+09
1.6936388839742537e+09
1.693638883974595e+09
1.6936388920191154e+09
1.6936388920191176e+09
1.6936388920213084e+09
1.693638899833245e+09
1.6936388998333037e+09
1.69363889983482e+09
1.6936389080545623e+09
1.6936389080548258e+09
1.6936389080569227e+09
