1.693638397464805e+09
1.6936383974652772e+09
1.693638397467019e+09
1.6936384056849694e+09
1.6936384056858068e+09
1.6936384056924632e+09
1.6936384138567898e+09
1.6936384138611538e+09
1.6936384138612788e+09
1.6936384220684528e+09
1.6936384220715902e+09
1.6936384220715902e+09
1.693638430278992e+09
1.6936384302789538e+09
1.6936384302815514e+09
1.6936384384321983e+09
1.6936384384323828e+09
1.6936384384329019e+09
1.6936384463146474e+09
1.693638446327244e+09
1.693638446327334e+09
1.693638454334867e+09
1.6936384543361695e+09
1.693638454338018e+09
1.693638462586182e+09
1.6936384625864697e+09
1.693638462590408e+09
1.6936384705594897e+09
1.6936384705593097e+09
1.693638470559602e+09
1.6936384786677277e+09
1.693638478670111e+09
1.6936384786703534e+09
1.693638486781117e+09
1.6936384867811894e+09
1.693638486782906e+09
1.6936384947893176e+09
1.6936384947904596e+09
1.6936384947908602e+09
1.693638502674963e+09
1.6936385026767006e+09
1.6936385026795323e+09
1.6936385106112409e+09
1.693638510611656e+09
1.6936385106134095e+09
1.6936385185554826e+09
1.6936385185577238e+09
1.693638518558926e+09
1.6936385264876058e+09
1.693638526488543e+09
1.693638526492988e+09
1.6936385345731094e+09
1.6936385345731103e+09
1.6936385345742486e+09
1.6936385426143398e+09
1.6936385426154337e+09
1.693638542618006e+09
