1.6936383977545416e+09
1.693638397755009e+09
1.6936383977554717e+09
1.6936384058520203e+09
1.6936384058534465e+09
1.6936384058535607e+09
1.6936384141143577e+09
1.693638414115014e+09
1.6936384141158752e+09
1.6936384220246572e+09
1.6936384220264919e+09
1.6936384220305333e+09
1.693638430062776e+09
1.693638430065078e+09
1.6936384300660164e+09
1.6936384382282126e+09
1.6936384382308412e+09
1.693638438231099e+09
1.6936384466144083e+09
1.6936384466153314e+09
1.6936384466164455e+09
1.6936384549276764e+09
1.6936384549318185e+09
1.6936384549328454e+09
1.693638463035619e+09
1.693638463036756e+09
1.6936384630382087e+09
1.6936384711258478e+09
1.6936384711259708e+09
1.6936384711267838e+09
1.693638479282195e+09
1.693638479282196e+09
1.693638479283333e+09
1.693638487188249e+09
1.6936384871883988e+09
1.6936384871893122e+09
1.6936384951923177e+09
1.6936384951935778e+09
1.6936384951977332e+09
1.6936385033135796e+09
1.693638503313697e+09
1.693638503314372e+09
1.693638511221211e+09
1.6936385112214334e+09
1.6936385112218535e+09
1.69363851919409e+09
1.6936385191939912e+09
1.6936385191944697e+09
1.6936385270763898e+09
1.6936385270765996e+09
1.6936385270771806e+09
1.6936385350926595e+09
1.6936385350945973e+09
1.6936385350953887e+09
1.6936385432905183e+09
1.6936385432941568e+09
1.6936385432949054e+09
