1.6936383984178278e+09
1.6936383984181697e+09
1.6936383984186165e+09
1.6936384065654786e+09
1.6936384065662372e+09
1.6936384065687578e+09
1.6936384145517902e+09
1.6936384145522084e+09
1.6936384145545266e+09
1.6936384224583669e+09
1.6936384224591808e+09
1.693638422463504e+09
1.69363843040121e+09
1.6936384304046626e+09
1.6936384304051552e+09
1.6936384386362994e+09
1.6936384386368487e+09
1.6936384386362424e+09
1.6936384465521219e+09
1.6936384465546768e+09
1.6936384465563354e+09
1.69363845488405e+09
1.69363845488405e+09
1.6936384548871346e+09
1.6936384630121043e+09
1.693638463012355e+09
1.6936384630153484e+09
1.6936384712278252e+09
1.6936384712299237e+09
1.6936384712316265e+09
1.6936384795588229e+09
1.693638479562916e+09
1.6936384795630658e+09
1.6936384877118626e+09
1.6936384877129292e+09
1.6936384877142205e+09
1.6936384956311877e+09
1.6936384956332557e+09
1.6936384956368666e+09
1.693638503907236e+09
1.6936385039080582e+09
1.6936385039090798e+09
1.6936385120005662e+09
1.6936385120009336e+09
1.6936385120039184e+09
1.6936385200109448e+09
1.693638520011034e+09
1.6936385200154095e+09
1.693638527899168e+09
1.6936385278993893e+09
1.6936385278994415e+09
1.6936385358922415e+09
1.6936385358924859e+09
1.693638535894627e+09
1.6936385439807127e+09
1.6936385439813795e+09
1.693638543982756e+09
