1.6936373217900195e+09
1.6936373217901993e+09
1.693637321793892e+09
1.6936373303210316e+09
1.6936373303237722e+09
1.693637330325461e+09
1.693637338974924e+09
1.693637338975619e+09
1.6936373389800181e+09
1.6936373484778445e+09
1.6936373484785366e+09
1.6936373484816735e+09
1.6936373572163773e+09
1.6936373572177882e+09
1.6936373572221587e+09
1.693637365890194e+09
1.6936373658912528e+09
1.6936373658943434e+09
1.693637374590757e+09
1.6936373745922601e+09
1.6936373745950663e+09
1.6936373834125745e+09
1.693637383412673e+09
1.69363738341994e+09
1.693637391803467e+09
1.6936373918045843e+09
1.693637391808874e+09
1.6936374004740288e+09
1.6936374004742675e+09
1.6936374004760833e+09
1.6936374090040455e+09
1.6936374090076716e+09
1.6936374090079074e+09
1.6936374177277339e+09
1.693637417728846e+09
1.6936374177305636e+09
1.6936374261459062e+09
1.6936374261475832e+09
1.6936374261496162e+09
1.6936374350708272e+09
1.6936374350717864e+09
1.693637435074706e+09
1.6936374438713546e+09
1.693637443872118e+09
1.6936374438755808e+09
1.6936374528941584e+09
1.6936374528979557e+09
1.6936374528989072e+09
1.6936374615759575e+09
1.6936374615772376e+09
1.693637461579899e+09
