1.693637324826671e+09
1.6936373248284807e+09
1.693637324830431e+09
1.6936373339199362e+09
1.6936373339465744e+09
1.6936373339584596e+09
1.6936373428225055e+09
1.6936373428304617e+09
1.6936373428314033e+09
1.6936373515453353e+09
1.693637351545632e+09
1.693637351545716e+09
1.693637360313876e+09
1.6936373603149052e+09
1.6936373603188972e+09
1.6936373687112184e+09
1.6936373687115679e+09
1.6936373687137792e+09
1.693637377112695e+09
1.6936373771145418e+09
1.6936373771162553e+09
1.6936373859150412e+09
1.6936373859159067e+09
1.6936373859168074e+09
1.6936373946226146e+09
1.6936373946239476e+09
1.6936373946245012e+09
1.69363740328647e+09
1.693637403310649e+09
1.6936374033179867e+09
1.6936374118929584e+09
1.6936374118972073e+09
1.693637411898148e+09
1.6936374204131997e+09
1.6936374204169655e+09
1.6936374204181588e+09
1.6936374292047644e+09
1.6936374292053602e+09
1.6936374292055905e+09
1.693637437914947e+09
1.6936374379149811e+09
1.693637437918773e+09
1.6936374466218486e+09
1.693637446623269e+09
1.6936374466249545e+09
1.6936374555124853e+09
1.6936374555154357e+09
1.6936374555169418e+09
1.693637464307042e+09
1.6936374643169723e+09
1.6936374643240385e+09
