1.6936373313751838e+09
1.6936373313755717e+09
1.693637331376767e+09
1.6936373399066083e+09
1.6936373399086356e+09
1.6936373399086204e+09
1.693637348534394e+09
1.6936373485396705e+09
1.6936373485437524e+09
1.6936373572282987e+09
1.6936373572298417e+09
1.6936373572322583e+09
1.6936373658440402e+09
1.6936373658455074e+09
1.6936373658476527e+09
1.6936373745333552e+09
1.6936373745335054e+09
1.693637374533542e+09
1.6936373835912697e+09
1.693637383591366e+09
1.6936373835991063e+09
1.6936373924274566e+09
1.6936373924315321e+09
1.6936373924315386e+09
1.693637400908798e+09
1.6936374009130898e+09
1.6936374009134085e+09
1.6936374097541492e+09
1.6936374097544622e+09
1.6936374097553825e+09
1.6936374183738134e+09
1.693637418374245e+09
1.6936374183781435e+09
1.6936374267903388e+09
1.6936374267906086e+09
1.6936374267928932e+09
1.693637435605903e+09
1.6936374356064546e+09
1.6936374356089082e+09
1.6936374439093378e+09
1.6936374439099054e+09
1.6936374439100754e+09
1.693637452894703e+09
1.6936374528981426e+09
1.6936374528915195e+09
1.6936374617312636e+09
1.693637461731388e+09
1.6936374617360132e+09
