1.6936373344368274e+09
1.6936373344386702e+09
1.6936373344404554e+09
1.6936373432495215e+09
1.6936373432522762e+09
1.6936373432560399e+09
1.6936373518672733e+09
1.693637351868851e+09
1.6936373518713882e+09
1.6936373607548316e+09
1.6936373607574303e+09
1.6936373607593136e+09
1.6936373697062082e+09
1.6936373697074475e+09
1.6936373697097135e+09
1.6936373786087472e+09
1.6936373786132526e+09
1.693637378618648e+09
1.6936373877726436e+09
1.6936373877726436e+09
1.6936373877751217e+09
1.6936373964237306e+09
1.6936373964251838e+09
1.693637396431442e+09
1.6936374051302018e+09
1.693637405134242e+09
1.6936374051370962e+09
1.6936374139056647e+09
1.6936374139075124e+09
1.6936374139118047e+09
1.6936374224514542e+09
1.6936374224526765e+09
1.6936374224558828e+09
1.6936374314531603e+09
1.6936374314538202e+09
1.6936374314554727e+09
1.6936374401908984e+09
1.6936374401926756e+09
1.6936374402083902e+09
1.693637448803862e+09
1.6936374488048098e+09
1.6936374488066251e+09
1.6936374574932766e+09
1.6936374574935496e+09
1.6936374574990692e+09
1.6936374661112418e+09
1.6936374661117668e+09
1.6936374661152742e+09
