1.6936373296475556e+09
1.6936373296489503e+09
1.69363732965188e+09
1.693637338338144e+09
1.693637338339371e+09
1.693637338342769e+09
1.6936373468735101e+09
1.6936373468737514e+09
1.6936373468737013e+09
1.6936373553300014e+09
1.6936373553281753e+09
1.693637355354489e+09
1.6936373642169697e+09
1.6936373642204273e+09
1.6936373642208793e+09
1.693637372988724e+09
1.6936373729888966e+09
1.693637372991676e+09
1.693637381775369e+09
1.6936373817774377e+09
1.6936373817789865e+09
1.6936373906401997e+09
1.6936373906404724e+09
1.6936373906428428e+09
1.6936373993908272e+09
1.693637399393002e+09
1.6936373993933082e+09
1.6936374081635442e+09
1.6936374081635633e+09
1.6936374081762645e+09
1.6936374168252072e+09
1.6936374168252072e+09
1.6936374168259318e+09
1.6936374255538194e+09
1.6936374255543227e+09
1.6936374255596733e+09
1.6936374341843657e+09
1.6936374341855714e+09
1.6936374341880088e+09
1.6936374427751067e+09
1.6936374427774518e+09
1.6936374427830436e+09
1.6936374514313035e+09
1.693637451433938e+09
1.6936374514352314e+09
1.6936374604952962e+09
1.6936374604982853e+09
1.6936374604985843e+09
