1.6936373234602504e+09
1.6936373234605656e+09
1.6936373234623787e+09
1.6936373320829816e+09
1.693637332083752e+09
1.6936373320839682e+09
1.6936373407323482e+09
1.6936373407335484e+09
1.6936373407358599e+09
1.693637349633327e+09
1.693637349634109e+09
1.6936373496360333e+09
1.6936373581401393e+09
1.6936373581413298e+09
1.6936373581414628e+09
1.6936373668872654e+09
1.6936373668887103e+09
1.6936373668889418e+09
1.6936373753832376e+09
1.6936373753839285e+09
1.6936373753845804e+09
1.6936373839453268e+09
1.6936373839454677e+09
1.6936373839462843e+09
1.693637392593202e+09
1.6936373925951502e+09
1.6936373925980186e+09
1.693637401023056e+09
1.6936374010243328e+09
1.6936374010271835e+09
1.6936374097212017e+09
1.693637409722406e+09
1.6936374097229722e+09
1.6936374181802728e+09
1.6936374181825967e+09
1.6936374181842492e+09
1.6936374270038505e+09
1.693637427006526e+09
1.6936374270098329e+09
1.6936374356861315e+09
1.69363743568667e+09
1.693637435689314e+09
1.6936374444878695e+09
1.6936374444879131e+09
1.6936374444885645e+09
1.6936374532001042e+09
1.6936374532001042e+09
1.6936374532037323e+09
1.6936374624690158e+09
1.6936374624750388e+09
1.6936374624772372e+09
