1.6936373352966664e+09
1.6936373353013387e+09
1.6936373353016968e+09
1.6936373441668422e+09
1.6936373441733336e+09
1.6936373441737561e+09
1.6936373527603865e+09
1.6936373527643206e+09
1.6936373527653272e+09
1.6936373613117015e+09
1.6936373613122413e+09
1.693637361316443e+09
1.6936373699757297e+09
1.6936373699792228e+09
1.6936373699831383e+09
1.6936373784943862e+09
1.6936373784945734e+09
1.6936373784947243e+09
1.6936373877728302e+09
1.6936373877780554e+09
1.6936373877835102e+09
1.6936373967394216e+09
1.693637396739232e+09
1.6936373967395017e+09
1.6936374053797596e+09
1.6936374053819048e+09
1.6936374053863714e+09
1.6936374138282983e+09
1.693637413828298e+09
1.6936374138373907e+09
1.6936374224363422e+09
1.6936374224369357e+09
1.6936374224374735e+09
1.6936374314247124e+09
1.6936374314264061e+09
1.6936374314290118e+09
1.6936374403955407e+09
1.6936374403957198e+09
1.6936374403984573e+09
1.69363744926861e+09
1.6936374492753541e+09
1.69363744927574e+09
1.6936374583930733e+09
1.6936374583942137e+09
1.693637458395955e+09
1.6936374670960708e+09
1.6936374670992754e+09
1.6936374671022363e+09
