1.69363733521106e+09
1.6936373352127025e+09
1.6936373352183652e+09
1.6936373441418262e+09
1.6936373441453402e+09
1.6936373441478372e+09
1.693637352849136e+09
1.6936373528496377e+09
1.6936373528509784e+09
1.693637361491989e+09
1.6936373614935734e+09
1.693637361496988e+09
1.6936373699060066e+09
1.693637369910617e+09
1.693637369913755e+09
1.6936373786698892e+09
1.6936373786739252e+09
1.6936373786807203e+09
1.6936373877767174e+09
1.693637387779552e+09
1.6936373877810955e+09
1.6936373965783432e+09
1.6936373965809753e+09
1.6936373965812457e+09
1.693637405108668e+09
1.6936374051085675e+09
1.6936374051122386e+09
1.69363741359189e+09
1.6936374135925498e+09
1.6936374135925064e+09
1.6936374220194054e+09
1.6936374220195727e+09
1.6936374220224164e+09
1.6936374314337847e+09
1.6936374314356935e+09
1.6936374314373257e+09
1.693637439910719e+09
1.693637439910954e+09
1.6936374399141166e+09
1.6936374484011316e+09
1.6936374484014254e+09
1.6936374484064524e+09
1.693637457041696e+09
1.693637457043215e+09
1.6936374570543714e+09
1.693637466072538e+09
1.6936374660743186e+09
1.6936374660752208e+09
