1.693637334416147e+09
1.6936373344186823e+09
1.6936373344192967e+09
1.693637343071454e+09
1.6936373430722325e+09
1.6936373430745726e+09
1.693637351623837e+09
1.6936373516244497e+09
1.6936373516268926e+09
1.6936373604244988e+09
1.693637360424935e+09
1.6936373604305818e+09
1.6936373688888888e+09
1.693637368889712e+09
1.6936373688910491e+09
1.6936373776167836e+09
1.6936373776172311e+09
1.6936373776174817e+09
1.6936373866857722e+09
1.6936373866857834e+09
1.6936373866880226e+09
1.6936373955994775e+09
1.6936373956025155e+09
1.693637395605979e+09
1.6936374045918407e+09
1.6936374045921912e+09
1.6936374045929055e+09
1.6936374134057612e+09
1.6936374134090128e+09
1.693637413410399e+09
1.6936374217370055e+09
1.6936374217392893e+09
1.69363742174166e+09
1.6936374308870587e+09
1.6936374308885286e+09
1.6936374308921263e+09
1.693637439398815e+09
1.6936374394009101e+09
1.693637439402584e+09
1.6936374482096074e+09
1.693637448211399e+09
1.6936374482126534e+09
1.6936374571239097e+09
1.6936374571322489e+09
1.6936374571389594e+09
1.6936374656837888e+09
1.693637465685711e+09
1.6936374656865878e+09
