1.6936376782989974e+09
1.6936376783018007e+09
1.69363767830538e+09
1.6936376867200308e+09
1.6936376867220995e+09
1.6936376867259033e+09
1.693637695025609e+09
1.693637695025651e+09
1.6936376950297084e+09
1.6936377033973005e+09
1.6936377033974123e+09
1.693637703399749e+09
1.6936377117089086e+09
1.693637711711111e+09
1.6936377117126281e+09
1.69363772010191e+09
1.6936377201027954e+09
1.6936377201062443e+09
1.6936377283529468e+09
1.6936377283555293e+09
1.6936377283556542e+09
1.6936377369498184e+09
1.6936377369502823e+09
1.6936377369520707e+09
1.6936377455254917e+09
1.6936377455269706e+09
1.6936377455296304e+09
1.6936377537715206e+09
1.6936377537739751e+09
1.6936377537743678e+09
1.6936377621555123e+09
1.693637762157891e+09
1.693637762162287e+09
1.6936377704045045e+09
1.6936377704046874e+09
1.6936377704074993e+09
1.6936377789698293e+09
1.6936377789705956e+09
1.693637778976667e+09
1.6936377871522114e+09
1.6936377871523333e+09
1.6936377871583073e+09
1.693637795603844e+09
1.6936377956040401e+09
1.6936377956120305e+09
1.6936378042227182e+09
1.69363780422267e+09
1.6936378042266474e+09
1.6936378126252716e+09
1.69363781262559e+09
1.6936378126263335e+09
1.693637821000309e+09
1.6936378210008636e+09
1.693637821002381e+09
