1.6936376802445126e+09
1.6936376802446053e+09
1.693637680246352e+09
1.6936376885222507e+09
1.6936376885234082e+09
1.6936376885267088e+09
1.6936376969634256e+09
1.6936376969663281e+09
1.6936376969676108e+09
1.6936377056085615e+09
1.6936377056113887e+09
1.6936377056115484e+09
1.6936377139190965e+09
1.6936377139197166e+09
1.6936377139230373e+09
1.6936377223113654e+09
1.693637722311162e+09
1.6936377223153927e+09
1.693637730520082e+09
1.6936377305199058e+09
1.6936377305207446e+09
1.6936377391080847e+09
1.6936377391083696e+09
1.6936377391099966e+09
1.6936377473912213e+09
1.693637747391264e+09
1.69363774739235e+09
1.6936377555852249e+09
1.6936377555873947e+09
1.693637755587676e+09
1.6936377639363437e+09
1.6936377639382176e+09
1.6936377639414115e+09
1.6936377725888128e+09
1.6936377725894253e+09
1.6936377725917404e+09
1.693637780970012e+09
1.6936377809717934e+09
1.6936377809742475e+09
1.6936377891609867e+09
1.6936377891619399e+09
1.6936377891626036e+09
1.6936377978033333e+09
1.6936377978050725e+09
1.693637797806367e+09
1.6936378062380664e+09
1.6936378062371542e+09
1.6936378062442644e+09
1.693637814592137e+09
1.6936378145922575e+09
1.6936378145943296e+09
1.6936378228936133e+09
1.6936378228937457e+09
1.69363782289746e+09
