1.6936376829995441e+09
1.6936376830013473e+09
1.693637683006946e+09
1.6936376910202107e+09
1.6936376910214024e+09
1.693637691022496e+09
1.6936376991908054e+09
1.693637699191743e+09
1.6936376991912224e+09
1.6936377077008886e+09
1.6936377077015023e+09
1.6936377077059274e+09
1.6936377162504334e+09
1.6936377162503169e+09
1.6936377162526598e+09
1.693637724555671e+09
1.6936377245562809e+09
1.6936377245565877e+09
1.693637733023088e+09
1.6936377330264e+09
1.6936377330268931e+09
1.6936377414465957e+09
1.69363774144687e+09
1.693637741449977e+09
1.693637749715887e+09
1.693637749719975e+09
1.693637749721203e+09
1.6936377581074455e+09
1.6936377581129942e+09
1.6936377581136978e+09
1.6936377665706432e+09
1.6936377665727968e+09
1.6936377665738382e+09
1.6936377746599205e+09
1.6936377746628432e+09
1.693637774662974e+09
1.6936377828821433e+09
1.6936377828843875e+09
1.6936377828914404e+09
1.6936377912434678e+09
1.6936377912457805e+09
1.6936377912462034e+09
1.693637799613634e+09
1.693637799615821e+09
1.693637799617725e+09
1.6936378078464527e+09
1.6936378078469234e+09
1.6936378078499837e+09
1.693637816240142e+09
1.6936378162408824e+09
1.6936378162456825e+09
1.6936378246195357e+09
1.6936378246196682e+09
1.693637824625738e+09
