1.6936376813464477e+09
1.6936376813490045e+09
1.693637681353981e+09
1.6936376896420302e+09
1.6936376896424623e+09
1.6936376896449757e+09
1.6936376980680504e+09
1.6936376980687525e+09
1.6936376980724537e+09
1.6936377065162866e+09
1.6936377065192726e+09
1.693637706520531e+09
1.6936377147134395e+09
1.693637714717161e+09
1.6936377147186875e+09
1.6936377230928588e+09
1.6936377230964615e+09
1.6936377230969741e+09
1.6936377316042166e+09
1.6936377316056693e+09
1.6936377316070611e+09
1.6936377400659232e+09
1.693637740067078e+09
1.6936377400693448e+09
1.693637748495042e+09
1.6936377484968402e+09
1.6936377484972875e+09
1.6936377568040714e+09
1.6936377568051264e+09
1.693637756807461e+09
1.693637765522181e+09
1.6936377655224078e+09
1.6936377655242178e+09
1.6936377737968178e+09
1.6936377738009691e+09
1.6936377738011336e+09
1.6936377822264528e+09
1.6936377822285366e+09
1.6936377822286627e+09
1.6936377903549054e+09
1.6936377903547215e+09
1.6936377903554983e+09
1.6936377989059677e+09
1.6936377989072263e+09
1.6936377989143088e+09
1.693637807067205e+09
1.6936378070687664e+09
1.6936378070697517e+09
1.6936378155538392e+09
1.6936378155539587e+09
1.6936378155577314e+09
1.6936378238710356e+09
1.6936378238752804e+09
1.693637823875433e+09
