1.693637682749557e+09
1.6936376827527122e+09
1.6936376827540288e+09
1.6936376912576966e+09
1.693637691257887e+09
1.6936376912641253e+09
1.6936376994260962e+09
1.6936376994266665e+09
1.693637699426888e+09
1.6936377079345622e+09
1.6936377079355414e+09
1.6936377079422786e+09
1.6936377163336623e+09
1.6936377163357403e+09
1.693637716338664e+09
1.6936377247567103e+09
1.6936377247602696e+09
1.6936377247606041e+09
1.6936377332713966e+09
1.6936377332723653e+09
1.6936377332739906e+09
1.6936377419595675e+09
1.693637741960312e+09
1.693637741966413e+09
1.6936377503740976e+09
1.6936377503748903e+09
1.6936377503790438e+09
1.6936377590034952e+09
1.6936377590038161e+09
1.6936377590064023e+09
1.693637767607404e+09
1.6936377676108632e+09
1.6936377676112337e+09
1.6936377758584635e+09
1.6936377758606033e+09
1.6936377758611665e+09
1.693637784292746e+09
1.6936377842930608e+09
1.6936377842969964e+09
1.6936377925573566e+09
1.6936377925655377e+09
1.693637792567245e+09
1.6936378009132016e+09
1.693637800914221e+09
1.6936378009160101e+09
1.6936378091272058e+09
1.693637809127285e+09
1.6936378091294334e+09
1.6936378174215353e+09
1.6936378174233897e+09
1.693637817423928e+09
1.6936378260845592e+09
1.6936378260855544e+09
1.693637826089736e+09
