1.6936376831841085e+09
1.6936376831865714e+09
1.6936376831872075e+09
1.6936376914711037e+09
1.6936376914738667e+09
1.6936376914750328e+09
1.693637699657546e+09
1.6936376996586611e+09
1.6936376996613724e+09
1.6936377078609617e+09
1.6936377078610835e+09
1.693637707867016e+09
1.6936377160970082e+09
1.6936377160972807e+09
1.6936377160974872e+09
1.6936377244767704e+09
1.693637724478929e+09
1.6936377244789336e+09
1.6936377331066694e+09
1.693637733107316e+09
1.6936377331107082e+09
1.6936377416405227e+09
1.6936377416466806e+09
1.6936377416476357e+09
1.6936377500311606e+09
1.6936377500352945e+09
1.6936377500366123e+09
1.6936377582872148e+09
1.693637758291114e+09
1.6936377582927325e+09
1.6936377666452923e+09
1.693637766649094e+09
1.693637766651664e+09
1.6936377749411507e+09
1.693637774942886e+09
1.693637774945671e+09
1.6936377833662724e+09
1.693637783373517e+09
1.6936377833738737e+09
1.6936377917318e+09
1.6936377917336938e+09
1.6936377917353055e+09
1.693637799982427e+09
1.6936377999823735e+09
1.6936377999836879e+09
1.693637808244037e+09
1.693637808246384e+09
1.693637808246801e+09
1.6936378167153392e+09
1.6936378167185035e+09
1.6936378167184944e+09
1.693637825084679e+09
1.6936378250870183e+09
1.69363782508814e+09
