1.6936376834623888e+09
1.6936376834663928e+09
1.6936376834680066e+09
1.6936376919069843e+09
1.693637691907347e+09
1.6936376919111133e+09
1.6936377004508529e+09
1.6936377004516096e+09
1.6936377004540854e+09
1.6936377087653291e+09
1.6936377087658334e+09
1.6936377087662117e+09
1.6936377170887566e+09
1.6936377170918362e+09
1.6936377170947554e+09
1.6936377254773421e+09
1.6936377254811454e+09
1.6936377254831545e+09
1.6936377339325116e+09
1.6936377339324367e+09
1.6936377339328985e+09
1.6936377421606045e+09
1.693637742161952e+09
1.6936377421629245e+09
1.693637750373346e+09
1.6936377503735058e+09
1.6936377503743124e+09
1.6936377588211155e+09
1.6936377588224337e+09
1.6936377588292863e+09
1.693637767095891e+09
1.693637767096952e+09
1.693637767099062e+09
1.6936377752229052e+09
1.6936377752242324e+09
1.6936377752280502e+09
1.693637783658916e+09
1.693637783659786e+09
1.693637783661432e+09
1.6936377919944532e+09
1.6936377919947572e+09
1.6936377919971676e+09
1.6936378004453864e+09
1.693637800447357e+09
1.6936378004486706e+09
1.6936378087181468e+09
1.6936378087213926e+09
1.6936378087224014e+09
1.6936378171048384e+09
1.6936378171066108e+09
1.693637817110348e+09
1.6936378252944145e+09
1.6936378252958417e+09
1.6936378252974522e+09
