1.6936326385301511e+09
1.6936326428925867e+09
1.6936326754575152e+09
1.6936326772353532e+09
1.6936327127958193e+09
1.6936327153584843e+09
1.6936327489572554e+09
1.693632753753833e+09
1.6936327845320745e+09
1.6936327888700635e+09
1.6936328207814672e+09
1.6936328250574346e+09
1.6936328588708878e+09
1.6936328614434223e+09
1.6936328954984496e+09
1.6936328981079865e+09
1.693632932791316e+09
1.6936329337628834e+09
1.6936329711877716e+09
1.6936329792190423e+09
1.6936330097419636e+09
1.6936330115233843e+09
1.6936330472663052e+09
1.6936330538585184e+09
1.693633083488992e+09
1.6936330853203962e+09
1.693633120714862e+09
1.69363312410159e+09
1.6936331582129245e+09
1.6936331623407571e+09
1.6936331968563814e+09
1.6936332015504363e+09
