1.6936326382100475e+09
1.6936326429672704e+09
1.6936326754629204e+09
1.6936326796185396e+09
1.6936327127927985e+09
1.6936327170600505e+09
1.693632748955166e+09
1.6936327507441347e+09
1.6936327845289552e+09
1.693632786367604e+09
1.693632820782555e+09
1.6936328250654142e+09
1.693632858870182e+09
1.693632866552576e+09
1.6936328955001876e+09
1.6936328996741242e+09
1.6936329327923367e+09
1.6936329370009584e+09
1.6936329711703484e+09
1.6936329745411046e+09
1.6936330097467315e+09
1.6936330140211272e+09
1.693633047271336e+09
1.6936330542856216e+09
1.6936330834905744e+09
1.6936330845128179e+09
1.6936331207154052e+09
1.6936331217193513e+09
1.6936331582114313e+09
1.6936331630360682e+09
1.6936331968526666e+09
1.6936332010918581e+09
