1.6936326383349502e+09
1.693632642040177e+09
1.693632675459619e+09
1.6936326814754796e+09
1.6936327127928066e+09
1.693632713768804e+09
1.6936327489578018e+09
1.6936327537194185e+09
1.693632784529627e+09
1.693632790530367e+09
1.693632820781877e+09
1.6936328250036452e+09
1.6936328588820827e+09
1.6936328630473428e+09
1.6936328955022626e+09
1.6936328997282462e+09
1.6936329327931635e+09
1.6936329374588947e+09
1.6936329711734362e+09
1.6936329745670848e+09
1.6936330097464252e+09
1.6936330139774563e+09
1.6936330472639318e+09
1.6936330527151222e+09
1.693633083487909e+09
1.6936330880988295e+09
1.6936331207137241e+09
1.6936331233342903e+09
1.6936331582168236e+09
1.6936331629303448e+09
1.6936331968525038e+09
1.6936332009736478e+09
