1.693632638202696e+09
1.69363264287109e+09
1.6936326754582815e+09
1.6936326772422664e+09
1.693632712797143e+09
1.6936327169159925e+09
1.6936327489593852e+09
1.6936327531960196e+09
1.693632784528575e+09
1.693632786441297e+09
1.693632820782011e+09
1.6936328249589014e+09
1.6936328588714733e+09
1.6936328630661209e+09
1.6936328955027106e+09
1.6936328997448156e+09
1.693632932795129e+09
1.6936329368787737e+09
1.6936329711704416e+09
1.6936329745212638e+09
1.6936330097418764e+09
1.6936330122964678e+09
1.6936330472628927e+09
1.693633049884245e+09
1.6936330834849608e+09
1.6936330900571516e+09
1.6936331207192507e+09
1.693633124106158e+09
1.6936331582104979e+09
1.6936331607672565e+09
1.693633196849971e+09
1.693633200974139e+09
