1.6936326384261172e+09
1.6936326429423857e+09
1.6936326754601476e+09
1.6936326814596906e+09
1.6936327127960336e+09
1.6936327175185316e+09
1.6936327489557974e+09
1.6936327548595994e+09
1.6936327845280714e+09
1.6936327872097032e+09
1.693632820784489e+09
1.6936328241372414e+09
1.6936328588714676e+09
1.693632863677258e+09
1.6936328954986954e+09
1.693632900327057e+09
1.6936329327910576e+09
1.6936329353348272e+09
1.6936329711748521e+09
1.693632974523294e+09
1.693633009745763e+09
1.6936330145760992e+09
1.6936330472609673e+09
1.6936330515732691e+09
1.6936330834873035e+09
1.6936330906016047e+09
1.6936331207176824e+09
1.6936331289787128e+09
1.6936331582156482e+09
1.6936331629231408e+09
1.6936331968514025e+09
1.6936332015750475e+09
