1.6936326387576683e+09
1.6936326445799792e+09
1.6936326754640527e+09
1.693632679655384e+09
1.6936327127952645e+09
1.693632717060477e+09
1.693632748956229e+09
1.6936327542529938e+09
1.6936327845322368e+09
1.6936327900394623e+09
1.693632820782514e+09
1.6936328250164487e+09
1.6936328588705342e+09
1.6936328659827147e+09
1.6936328955009105e+09
1.6936328997173736e+09
1.6936329327921295e+09
1.6936329393721461e+09
1.6936329711753979e+09
1.69363297530534e+09
1.6936330097451437e+09
1.6936330140094986e+09
1.6936330472580004e+09
1.693633050685333e+09
1.6936330834904335e+09
1.6936330883233268e+09
1.693633120725044e+09
1.693633127166444e+09
1.6936331582124844e+09
1.6936331624301064e+09
1.6936331968505492e+09
1.6936331994666214e+09
