1.6936326386775253e+09
1.6936326429719968e+09
1.6936326754566762e+09
1.6936326796645818e+09
1.693632712793789e+09
1.6936327138517869e+09
1.6936327489556243e+09
1.6936327558814802e+09
1.6936327845295987e+09
1.6936327888767354e+09
1.6936328207808225e+09
1.6936328250283601e+09
1.6936328588726602e+09
1.6936328631487808e+09
1.6936328954992537e+09
1.6936329025539296e+09
1.693632932793179e+09
1.6936329369853654e+09
1.6936329711760757e+09
1.6936329769931636e+09
1.6936330097464707e+09
1.6936330151450558e+09
1.693633047260417e+09
1.6936330506678715e+09
1.6936330834874039e+09
1.6936330900881097e+09
1.693633120714881e+09
1.6936331271878035e+09
1.693633158216876e+09
1.6936331624647872e+09
1.693633196849449e+09
1.6936332017514899e+09
