1.69363263839792e+09
1.6936326429191492e+09
1.6936326754608169e+09
1.693632679655356e+09
1.693632712795427e+09
1.693632717063752e+09
1.693632748960004e+09
1.6936327542260866e+09
1.6936327845283508e+09
1.6936327863646178e+09
1.6936328207867095e+09
1.6936328249943032e+09
1.6936328588682692e+09
1.6936328631049495e+09
1.693632895497951e+09
1.6936328996701882e+09
1.6936329327955146e+09
1.6936329369978294e+09
1.693632971174953e+09
1.6936329753637283e+09
1.6936330097466323e+09
1.6936330140070887e+09
1.693633047259355e+09
1.6936330507084491e+09
1.69363308349667e+09
1.693633090084617e+09
1.6936331207155607e+09
1.693633127179686e+09
1.6936331582127948e+09
1.6936331592440684e+09
1.6936331968521552e+09
1.6936332010990098e+09
