1.6936326386199498e+09
1.6936326428876092e+09
1.6936326754596202e+09
1.6936326808841116e+09
1.69363271279874e+09
1.6936327180656378e+09
1.6936327489553423e+09
1.6936327507686126e+09
1.693632784529674e+09
1.693632791615916e+09
1.6936328207802837e+09
1.6936328225889287e+09
1.6936328588820415e+09
1.6936328630770373e+09
1.6936328955016143e+09
1.693632900338056e+09
1.693632932795309e+09
1.6936329374822333e+09
1.6936329711706836e+09
1.693632973690689e+09
1.6936330097481458e+09
1.693633014579605e+09
1.6936330472589607e+09
1.6936330498778954e+09
1.6936330834874465e+09
1.6936330872474983e+09
1.693633120718255e+09
1.6936331260862198e+09
1.6936331582152827e+09
1.693633162338275e+09
1.693633196854691e+09
1.6936332015462453e+09
