1.6936326385431051e+09
1.6936326430160286e+09
1.6936326754571335e+09
1.6936326796755986e+09
1.6936327127973301e+09
1.6936327170499778e+09
1.6936327489589639e+09
1.6936327542301257e+09
1.6936327845317698e+09
1.6936327900385175e+09
1.6936328207806242e+09
1.693632822567179e+09
1.693632858870541e+09
1.6936328659934828e+09
1.6936328955017977e+09
1.693632899721618e+09
1.6936329328070476e+09
1.6936329393710277e+09
1.693632971173022e+09
1.6936329769979384e+09
1.6936330097454648e+09
1.6936330139851015e+09
1.6936330472650857e+09
1.6936330506573744e+09
1.6936330834905596e+09
1.6936330877583225e+09
1.6936331207192433e+09
1.693633127172798e+09
1.6936331582151613e+09
1.693633162446397e+09
1.6936331968640385e+09
1.6936332010797832e+09
