1.69363264428338e+09
1.6936326524219553e+09
1.6936326754612966e+09
1.6936326798824365e+09
1.6936327127964513e+09
1.6936327192286522e+09
1.6936327489592822e+09
1.693632753726693e+09
1.693632784531841e+09
1.6936327888171604e+09
1.6936328208041205e+09
1.6936328257022197e+09
1.6936328588833406e+09
1.6936328654768395e+09
1.6936328954995477e+09
1.6936329012900577e+09
1.6936329327952058e+09
1.6936329386618016e+09
1.6936329711713958e+09
1.6936329754368322e+09
1.6936330097456684e+09
1.6936330123277383e+09
1.6936330472601047e+09
1.6936330554211838e+09
1.6936330834870896e+09
1.6936330898901567e+09
1.6936331207148318e+09
1.693633122534753e+09
1.6936331582152328e+09
1.6936331625413263e+09
1.6936331968511798e+09
1.6936332010423536e+09
