1.693632638527055e+09
1.6936326441744468e+09
1.693632675477686e+09
1.6936326796660912e+09
1.6936327127930431e+09
1.6936327146503909e+09
1.6936327489555376e+09
1.693632750823741e+09
1.6936327845351822e+09
1.6936327923518243e+09
1.6936328207799046e+09
1.6936328250872629e+09
1.693632858871737e+09
1.6936328606560156e+09
1.6936328954972227e+09
1.6936328988915489e+09
1.6936329327941291e+09
1.6936329403470302e+09
1.6936329711733446e+09
1.6936329754692466e+09
1.6936330097462718e+09
1.6936330167422838e+09
1.693633047262471e+09
1.6936330514810414e+09
1.6936330834986672e+09
1.693633088402271e+09
1.693633120714675e+09
1.6936331248431082e+09
1.6936331582120411e+09
1.6936331647751346e+09
1.6936331968738072e+09
1.6936332017074485e+09
