1.6936326384797456e+09
1.6936326412501473e+09
1.6936326754593549e+09
1.693632676488272e+09
1.6936327127924368e+09
1.693632719231347e+09
1.6936327489592924e+09
1.6936327531706567e+09
1.6936327845287864e+09
1.6936327888406014e+09
1.6936328207795255e+09
1.6936328226340191e+09
1.6936328588716478e+09
1.6936328606836019e+09
1.6936328954993162e+09
1.693632901319978e+09
1.6936329327920449e+09
1.6936329386476533e+09
1.6936329711763482e+09
1.6936329754100938e+09
1.693633009748773e+09
1.6936330161324809e+09
1.6936330472651145e+09
1.6936330531750069e+09
1.6936330834862506e+09
1.6936330869043276e+09
1.6936331207175684e+09
1.693633127768537e+09
1.6936331582196183e+09
1.6936331616617956e+09
1.6936331968535447e+09
1.6936332028000185e+09
