1.6936326422758706e+09
1.6936326485196006e+09
1.6936326754612021e+09
1.693632679679579e+09
1.6936327127959783e+09
1.6936327170597074e+09
1.69363274895551e+09
1.693632750799519e+09
1.693632784528412e+09
1.6936327863695278e+09
1.6936328207824483e+09
1.693632825097235e+09
1.6936328588738291e+09
1.693632863117935e+09
1.6936328955016465e+09
1.6936328989070528e+09
1.6936329327926888e+09
1.6936329381772513e+09
1.6936329711699972e+09
1.6936329755022228e+09
1.693633009745634e+09
1.6936330130904977e+09
1.6936330472605517e+09
1.6936330490599775e+09
1.6936330834851513e+09
1.693633085345644e+09
1.6936331207144473e+09
1.6936331276252327e+09
1.6936331582163038e+09
1.6936331674640138e+09
1.693633196852777e+09
1.6936332015691469e+09
