1.693632642357684e+09
1.6936326485060358e+09
1.6936326754617574e+09
1.693632678082127e+09
1.693632712796483e+09
1.693632717055478e+09
1.6936327489592748e+09
1.693632755426609e+09
1.6936327845287793e+09
1.6936327889075892e+09
1.6936328207816024e+09
1.6936328250656054e+09
1.693632858874197e+09
1.6936328630943975e+09
1.6936328954984992e+09
1.6936329009698455e+09
1.6936329327954907e+09
1.69363293818825e+09
1.6936329711710036e+09
1.693632974617321e+09
1.6936330097479868e+09
1.6936330139933956e+09
1.6936330472594316e+09
1.693633051433073e+09
1.6936330834869957e+09
1.693633087769372e+09
1.6936331207178025e+09
1.6936331248671513e+09
1.6936331582134333e+09
1.6936331600063925e+09
1.6936331968520894e+09
1.6936332016724496e+09
