1.6936326382399933e+09
1.6936326403715434e+09
1.69363267547372e+09
1.693632679648079e+09
1.6936327127928576e+09
1.6936327176640422e+09
1.693632748967026e+09
1.693632756562892e+09
1.693632784526982e+09
1.6936327923433433e+09
1.6936328207827787e+09
1.693632825098117e+09
1.6936328588717768e+09
1.6936328630650127e+09
1.693632895508172e+09
1.69363290159642e+09
1.693632932791011e+09
1.6936329346217377e+09
1.6936329711751492e+09
1.6936329754715486e+09
1.6936330097457807e+09
1.6936330131403058e+09
1.6936330472580395e+09
1.6936330514381182e+09
1.6936330834913218e+09
1.6936330883682442e+09
1.6936331207145991e+09
1.6936331248686752e+09
1.6936331582158532e+09
1.69363316318452e+09
1.6936331968508334e+09
1.6936331978363318e+09
