1.6936326382574475e+09
1.6936326412142332e+09
1.6936326754596672e+09
1.6936326789187663e+09
1.693632712793834e+09
1.6936327145895002e+09
1.6936327489600503e+09
1.6936327531610546e+09
1.6936327845322618e+09
1.6936327888565688e+09
1.6936328207842617e+09
1.6936328279090626e+09
1.69363285887295e+09
1.6936328631145117e+09
1.693632895509242e+09
1.693632901313033e+09
1.6936329327956796e+09
1.6936329375395563e+09
1.6936329711702652e+09
1.6936329776963065e+09
1.6936330097493968e+09
1.693633013174975e+09
1.6936330472662494e+09
1.6936330531754022e+09
1.6936330834906511e+09
1.6936330861102426e+09
1.6936331207145774e+09
1.6936331278277764e+09
1.693633158224085e+09
1.6936331652616935e+09
1.6936331968513806e+09
1.6936332028030834e+09
