1.6936326385985584e+09
1.6936326444000218e+09
1.6936326754633677e+09
1.6936326815165102e+09
1.693632712793825e+09
1.693632719233219e+09
1.6936327489571888e+09
1.693632749973971e+09
1.6936327845269814e+09
1.693632788828465e+09
1.693632820781647e+09
1.693632825098055e+09
1.69363285887335e+09
1.6936328654526188e+09
1.69363289550474e+09
1.6936329012926826e+09
1.6936329327936902e+09
1.6936329346126554e+09
1.693632971167597e+09
1.693632972930913e+09
1.6936330097476277e+09
1.6936330188614092e+09
1.6936330472619832e+09
1.6936330531645176e+09
1.6936330834911919e+09
1.693633086872932e+09
1.693633120715482e+09
1.6936331278164558e+09
1.6936331582122545e+09
1.6936331608324337e+09
1.693633196851494e+09
1.6936332028010025e+09
