1.6936326383676395e+09
1.6936326403797174e+09
1.6936326754718733e+09
1.693632678836638e+09
1.6936327127932866e+09
1.6936327170609474e+09
1.6936327489564943e+09
1.69363275653952e+09
1.693632784531511e+09
1.6936327900354044e+09
1.6936328207875643e+09
1.6936328273359268e+09
1.6936328588901927e+09
1.6936328643162615e+09
1.6936328954995718e+09
1.6936328997390616e+09
1.6936329327944994e+09
1.693632938182084e+09
1.6936329711735127e+09
1.6936329754721088e+09
1.6936330097458112e+09
1.6936330131238701e+09
1.6936330472607605e+09
1.6936330514337943e+09
1.693633083491219e+09
1.6936330883976967e+09
1.6936331207144825e+09
1.6936331217138126e+09
1.693633158211961e+09
1.6936331669121637e+09
1.6936331968555374e+09
1.6936332015913625e+09
