1.6936326383857987e+09
1.6936326429152858e+09
1.6936326754597533e+09
1.6936326798847384e+09
1.6936327127941055e+09
1.693632719288836e+09
1.6936327489553635e+09
1.6936327531499348e+09
1.6936327845281503e+09
1.6936327888478255e+09
1.693632820783989e+09
1.6936328250645423e+09
1.6936328588739703e+09
1.6936328654734182e+09
1.6936328954980469e+09
1.6936328964772236e+09
1.693632932791924e+09
1.6936329375451488e+09
1.693632971172224e+09
1.6936329776848068e+09
1.6936330097460523e+09
1.6936330123435087e+09
1.6936330472620363e+09
1.6936330554427028e+09
1.6936330834906142e+09
1.6936330868930395e+09
1.6936331207195373e+09
1.693633127817712e+09
1.693633158214261e+09
1.6936331625164924e+09
1.69363319685054e+09
1.6936332028008006e+09
