1.6936326723304176e+09
1.6936326751618724e+09
1.6936327096348968e+09
1.6936327124998562e+09
1.6936327457274365e+09
1.6936327486498446e+09
1.6936327813517265e+09
1.69363278422231e+09
1.6936328175543606e+09
1.6936328204827905e+09
1.6936328556449914e+09
1.6936328585685217e+09
1.6936328923087826e+09
1.6936328951998599e+09
1.6936329295872498e+09
1.6936329324861133e+09
1.6936329679566762e+09
1.6936329708616242e+09
1.6936330065692513e+09
1.6936330094565191e+09
1.6936330440798469e+09
1.6936330469681308e+09
1.6936330802652037e+09
1.6936330831812346e+09
1.6936331175099912e+09
1.6936331204078238e+09
1.6936331550078743e+09
1.6936331579103997e+09
1.6936331936822455e+09
1.6936331965598361e+09
