1.6936326382026913e+09
1.6936326723304176e+09
1.6936326754582174e+09
1.6936327096348968e+09
1.6936327127970808e+09
1.6936327457274365e+09
1.693632748959384e+09
1.6936327813517265e+09
1.6936327845284488e+09
1.6936328175543606e+09
1.6936328207819192e+09
1.6936328556449914e+09
1.693632858871379e+09
1.6936328923087826e+09
1.6936328955025914e+09
1.6936329295872498e+09
1.6936329327950358e+09
1.6936329679566762e+09
1.693632971170363e+09
1.6936330065692513e+09
1.6936330097418067e+09
1.6936330440798469e+09
1.6936330472628198e+09
1.6936330802652037e+09
1.6936330834849606e+09
1.6936331175099912e+09
1.693633120719132e+09
1.6936331550078743e+09
1.6936331582104316e+09
1.6936331936822455e+09
1.6936331968497574e+09
