1.6936371488812935e+09
1.6936371488841074e+09
1.6936371488844464e+09
1.6936371575862923e+09
1.6936371575900166e+09
1.6936371575905843e+09
1.6936371665235088e+09
1.693637166527355e+09
1.693637166527664e+09
1.6936371757986357e+09
1.6936371757992938e+09
1.693637175800295e+09
1.693637185094717e+09
1.6936371850960944e+09
1.6936371850993156e+09
1.6936371939931977e+09
1.6936371939939518e+09
1.693637193999076e+09
1.6936372028552074e+09
1.6936372028579834e+09
1.6936372028618305e+09
1.6936372116040695e+09
1.693637211605896e+09
1.6936372116094487e+09
1.6936372208350196e+09
1.693637220836385e+09
1.6936372208364167e+09
1.693637229680377e+09
1.693637229680259e+09
1.6936372296818123e+09
1.6936372381394918e+09
1.6936372381398418e+09
1.6936372381411953e+09
1.6936372468481576e+09
1.6936372468507435e+09
1.6936372468522744e+09
1.6936372559086237e+09
1.6936372559114456e+09
1.6936372559119396e+09
1.6936372646529374e+09
1.6936372646544735e+09
1.693637264655877e+09
1.6936372737063966e+09
1.6936372737063272e+09
1.693637273708817e+09
1.69363728252674e+09
1.6936372825277383e+09
1.693637282529507e+09
