1.6936371623176205e+09
1.6936371623188965e+09
1.6936371623209805e+09
1.693637171092876e+09
1.6936371710940688e+09
1.6936371710958633e+09
1.6936371798460333e+09
1.693637179847687e+09
1.693637179848545e+09
1.69363718876352e+09
1.69363718876352e+09
1.6936371887638633e+09
1.69363719755893e+09
1.6936371975626698e+09
1.6936371975621126e+09
1.693637206530615e+09
1.6936372065303707e+09
1.6936372065358255e+09
1.6936372153701923e+09
1.693637215370665e+09
1.6936372153741848e+09
1.6936372241827817e+09
1.6936372241859574e+09
1.693637224186458e+09
1.6936372331613092e+09
1.6936372331641214e+09
1.6936372331659777e+09
1.6936372421373448e+09
1.6936372421427016e+09
1.6936372421447542e+09
1.6936372512877407e+09
1.6936372512895215e+09
1.6936372512899964e+09
1.6936372600017123e+09
1.6936372600017872e+09
1.6936372600066435e+09
1.6936372686276786e+09
1.693637268631251e+09
1.6936372686315477e+09
1.6936372770849183e+09
1.6936372770886223e+09
1.693637277088703e+09
1.6936372858530698e+09
1.693637285853466e+09
1.693637285860356e+09
