1.6936371624793522e+09
1.6936371624795792e+09
1.6936371624813592e+09
1.6936371715518014e+09
1.6936371715528023e+09
1.6936371715580602e+09
1.6936371806272194e+09
1.6936371806292725e+09
1.6936371806302965e+09
1.6936371895534058e+09
1.6936371895544946e+09
1.6936371895568047e+09
1.6936371984304821e+09
1.6936371984303682e+09
1.69363719843313e+09
1.6936372071884956e+09
1.6936372071892626e+09
1.6936372071907382e+09
1.6936372158369682e+09
1.6936372158373263e+09
1.6936372158389096e+09
1.6936372245401657e+09
1.6936372245418506e+09
1.6936372245427823e+09
1.6936372336446042e+09
1.6936372336447515e+09
1.6936372336464362e+09
1.693637242430829e+09
1.6936372424310663e+09
1.6936372424311886e+09
1.693637251154013e+09
1.693637251156976e+09
1.6936372511624687e+09
1.6936372601568463e+09
1.6936372601576767e+09
1.693637260158442e+09
1.6936372689376607e+09
1.6936372689375348e+09
1.693637268941237e+09
1.6936372777212894e+09
1.693637277722296e+09
1.6936372777268188e+09
1.693637286503239e+09
1.693637286509798e+09
1.6936372865114186e+09
