1.693637148735165e+09
1.6936371487391083e+09
1.6936371487399755e+09
1.6936371573336074e+09
1.6936371573336568e+09
1.6936371573357673e+09
1.6936371664154332e+09
1.6936371664174466e+09
1.693637166418522e+09
1.6936371753547328e+09
1.6936371753569248e+09
1.6936371753598936e+09
1.6936371840341928e+09
1.69363718403703e+09
1.6936371840373008e+09
1.693637192982659e+09
1.6936371929850574e+09
1.6936371929871042e+09
1.693637202093278e+09
1.6936372020933862e+09
1.6936372020939603e+09
1.693637211224525e+09
1.6936372112267272e+09
1.6936372112272367e+09
1.6936372201254063e+09
1.693637220129084e+09
1.693637220129432e+09
1.693637229057736e+09
1.6936372290612411e+09
1.6936372290622795e+09
1.6936372378062532e+09
1.6936372378067782e+09
1.693637237808576e+09
1.6936372465415132e+09
1.6936372465460637e+09
1.6936372465459256e+09
1.693637255378523e+09
1.693637255379952e+09
1.6936372553815079e+09
1.693637264141452e+09
1.693637264142672e+09
1.6936372641444669e+09
1.6936372726872325e+09
1.6936372726908581e+09
1.6936372726926546e+09
1.6936372815442164e+09
1.6936372815444918e+09
1.6936372815476923e+09
