1.6936371620282872e+09
1.693637162030845e+09
1.6936371620312574e+09
1.6936371706652544e+09
1.6936371706711454e+09
1.6936371706763306e+09
1.693637179638733e+09
1.6936371796416922e+09
1.6936371796426497e+09
1.6936371889534767e+09
1.6936371889558628e+09
1.6936371889571867e+09
1.6936371978144662e+09
1.6936371978178132e+09
1.6936371978213887e+09
1.6936372064053648e+09
1.6936372064071922e+09
1.6936372064082537e+09
1.6936372156184428e+09
1.6936372156191573e+09
1.6936372156213152e+09
1.693637224280892e+09
1.6936372242840967e+09
1.6936372242906842e+09
1.6936372331723857e+09
1.6936372331771376e+09
1.6936372331789575e+09
1.693637242095849e+09
1.693637242096957e+09
1.6936372420972757e+09
1.6936372510044408e+09
1.69363725100466e+09
1.6936372510064251e+09
1.6936372594770362e+09
1.693637259479933e+09
1.693637259481627e+09
1.693637268381547e+09
1.6936372683833961e+09
1.693637268383722e+09
1.693637277152454e+09
1.6936372771549602e+09
1.6936372771542544e+09
1.693637285946367e+09
1.6936372859494817e+09
1.6936372859498734e+09
