1.6936371579299128e+09
1.6936371579316468e+09
1.6936371579358628e+09
1.6936371667389483e+09
1.6936371667412345e+09
1.6936371667429914e+09
1.6936371758186057e+09
1.693637175822084e+09
1.693637175823873e+09
1.6936371846924226e+09
1.6936371846932023e+09
1.6936371846988175e+09
1.6936371933885176e+09
1.6936371933885176e+09
1.6936371933934815e+09
1.693637202571789e+09
1.6936372025729518e+09
1.693637202578367e+09
1.693637211188119e+09
1.6936372111889915e+09
1.6936372111944246e+09
1.6936372198886561e+09
1.693637219891343e+09
1.6936372198948638e+09
1.6936372285718796e+09
1.693637228572383e+09
1.69363722857801e+09
1.6936372374192567e+09
1.6936372374213662e+09
1.693637237421389e+09
1.693637246285646e+09
1.6936372463000968e+09
1.6936372463004827e+09
1.6936372554595177e+09
1.6936372554678712e+09
1.693637255467868e+09
1.6936372643275352e+09
1.6936372643296797e+09
1.6936372643312485e+09
1.6936372733975701e+09
1.693637273399088e+09
1.693637273399655e+09
1.6936372821489387e+09
1.6936372821500409e+09
1.6936372821524987e+09
