1.69363716027096e+09
1.6936371602712116e+09
1.6936371602773566e+09
1.6936371688303626e+09
1.6936371688307118e+09
1.693637168834804e+09
1.6936371778890107e+09
1.693637177889179e+09
1.693637177890469e+09
1.6936371866869857e+09
1.6936371866894982e+09
1.693637186694367e+09
1.6936371954322155e+09
1.693637195434006e+09
1.6936371954380038e+09
1.6936372041525228e+09
1.6936372041527658e+09
1.6936372041562254e+09
1.6936372128572643e+09
1.6936372128613527e+09
1.69363721286231e+09
1.6936372216412382e+09
1.693637221644481e+09
1.6936372216448534e+09
1.6936372307274432e+09
1.6936372307285976e+09
1.6936372307361803e+09
1.6936372392799644e+09
1.6936372392816281e+09
1.6936372392820299e+09
1.6936372481581855e+09
1.6936372481590593e+09
1.6936372481621504e+09
1.693637257084673e+09
1.6936372570868928e+09
1.6936372570886023e+09
1.693637265740698e+09
1.6936372657411914e+09
1.6936372657460456e+09
1.6936372745462365e+09
1.6936372745479252e+09
1.6936372745506053e+09
1.6936372831206725e+09
1.693637283122738e+09
1.6936372831244047e+09
