1.6936371521605136e+09
1.69363715216307e+09
1.6936371521641226e+09
1.6936371609438517e+09
1.6936371609441123e+09
1.693637160947478e+09
1.6936371696543274e+09
1.6936371696588488e+09
1.693637169658561e+09
1.6936371784069438e+09
1.6936371784094863e+09
1.6936371784193797e+09
1.693637187264295e+09
1.6936371872721515e+09
1.6936371872733343e+09
1.6936371960870664e+09
1.6936371960907915e+09
1.6936371960913723e+09
1.6936372049576538e+09
1.6936372049597301e+09
1.693637204961521e+09
1.693637213925689e+09
1.6936372139259362e+09
1.693637213926931e+09
1.6936372231594794e+09
1.6936372231603372e+09
1.6936372231605523e+09
1.6936372322833862e+09
1.6936372322861683e+09
1.6936372322901287e+09
1.693637241002086e+09
1.6936372410032551e+09
1.6936372410048485e+09
1.6936372494050522e+09
1.6936372494099445e+09
1.693637249410997e+09
1.6936372583435152e+09
1.693637258345536e+09
1.6936372583487687e+09
1.693637267288402e+09
1.6936372672901065e+09
1.6936372672902257e+09
1.6936372761544802e+09
1.6936372761566231e+09
1.6936372761570961e+09
1.6936372849043527e+09
1.6936372849059205e+09
1.6936372849094539e+09
