1.693637161566418e+09
1.6936371615676117e+09
1.6936371615702276e+09
1.6936371704886005e+09
1.6936371704945076e+09
1.6936371704954493e+09
1.6936371797789621e+09
1.6936371797801547e+09
1.693637179781179e+09
1.693637188596833e+09
1.6936371885983682e+09
1.6936371886007817e+09
1.6936371972568033e+09
1.6936371972584617e+09
1.6936371972591484e+09
1.6936372060227876e+09
1.6936372060249705e+09
1.6936372060267146e+09
1.6936372149519658e+09
1.693637214955748e+09
1.693637214956921e+09
1.6936372236336355e+09
1.6936372236343539e+09
1.6936372236346207e+09
1.6936372324798882e+09
1.693637232481556e+09
1.693637232483664e+09
1.693637241451271e+09
1.6936372414561641e+09
1.693637241456794e+09
1.6936372499033685e+09
1.6936372499073055e+09
1.6936372499080389e+09
1.693637258896263e+09
1.693637258896502e+09
1.6936372589013758e+09
1.6936372675642438e+09
1.6936372675645804e+09
1.6936372675709195e+09
1.6936372765219173e+09
1.69363727652413e+09
1.693637276526023e+09
1.693637285332436e+09
1.6936372853327417e+09
1.693637285334238e+09
