1.6936371568923833e+09
1.6936371568940282e+09
1.6936371568976629e+09
1.6936371661169028e+09
1.693637166116915e+09
1.6936371661203947e+09
1.6936371751794853e+09
1.6936371751823208e+09
1.693637175182571e+09
1.6936371839773247e+09
1.6936371839837954e+09
1.693637183979182e+09
1.6936371931473966e+09
1.6936371931493282e+09
1.6936371931501377e+09
1.6936372018670413e+09
1.693637201872426e+09
1.6936372018747067e+09
1.6936372109430697e+09
1.6936372109442217e+09
1.6936372109458458e+09
1.6936372199556844e+09
1.693637219956463e+09
1.693637219956722e+09
1.6936372288337235e+09
1.6936372288390603e+09
1.6936372288420618e+09
1.693637237792447e+09
1.693637237796485e+09
1.6936372377984974e+09
1.6936372467790372e+09
1.6936372467819412e+09
1.6936372467830343e+09
1.6936372554971647e+09
1.6936372554981847e+09
1.6936372555000827e+09
1.6936372641126704e+09
1.6936372641141872e+09
1.693637264115682e+09
1.6936372728439066e+09
1.693637272849845e+09
1.6936372728495147e+09
1.6936372813369343e+09
1.6936372813371246e+09
1.6936372813376005e+09
