1.6936380375199764e+09
1.6936380375223892e+09
1.6936380375246866e+09
1.6936380456424851e+09
1.6936380456427443e+09
1.6936380456438208e+09
1.693638053812558e+09
1.6936380538131437e+09
1.6936380538157995e+09
1.6936380622983172e+09
1.6936380623001406e+09
1.6936380623022504e+09
1.6936380704881642e+09
1.69363807049195e+09
1.6936380704936438e+09
1.6936380785421371e+09
1.6936380785426157e+09
1.6936380785431573e+09
1.6936380866898713e+09
1.6936380866905909e+09
1.6936380866927752e+09
1.6936380949256148e+09
1.6936380949297085e+09
1.6936380949329166e+09
1.6936381033201113e+09
1.693638103321216e+09
1.6936381033220396e+09
1.6936381115801203e+09
1.6936381115839758e+09
1.6936381115845582e+09
1.6936381198616028e+09
1.6936381198626127e+09
1.6936381198660028e+09
1.6936381282716763e+09
1.6936381282729762e+09
1.6936381282759686e+09
1.693638136372785e+09
1.6936381363761096e+09
1.6936381363765202e+09
1.693638144528147e+09
1.6936381445298026e+09
1.6936381445340364e+09
1.6936381528873763e+09
1.6936381528898234e+09
1.6936381528943715e+09
1.6936381611339483e+09
1.6936381611348426e+09
1.6936381611373665e+09
1.6936381693603826e+09
1.6936381693619251e+09
1.6936381693642359e+09
1.6936381775878181e+09
1.6936381775903347e+09
1.6936381775927806e+09
1.6936381856550057e+09
1.6936381856574774e+09
1.6936381856583724e+09
