1.6936380387563708e+09
1.6936380387565734e+09
1.6936380387565734e+09
1.6936380469768019e+09
1.6936380469777932e+09
1.6936380469784489e+09
1.6936380550403893e+09
1.6936380550407314e+09
1.6936380550438745e+09
1.6936380633177114e+09
1.6936380633189044e+09
1.6936380633190165e+09
1.6936380713353822e+09
1.6936380713372316e+09
1.6936380713383746e+09
1.693638079574461e+09
1.693638079578318e+09
1.69363807957936e+09
1.6936380878675313e+09
1.6936380878708122e+09
1.6936380878709977e+09
1.6936380958864706e+09
1.6936380958871348e+09
1.693638095890311e+09
1.6936381040936723e+09
1.6936381040962398e+09
1.6936381040989316e+09
1.6936381124277854e+09
1.693638112431125e+09
1.693638112435356e+09
1.6936381204005473e+09
1.6936381204009902e+09
1.6936381204031956e+09
1.693638128860577e+09
1.693638128865394e+09
1.6936381288677537e+09
1.6936381371128898e+09
1.6936381371166816e+09
1.693638137116926e+09
1.6936381450989075e+09
1.6936381451016395e+09
1.6936381451047163e+09
1.6936381533099916e+09
1.693638153311615e+09
1.6936381533148258e+09
1.6936381616560555e+09
1.6936381616588457e+09
1.6936381616591547e+09
1.6936381699457266e+09
1.693638169945694e+09
1.693638169947796e+09
1.6936381783929698e+09
1.6936381783936574e+09
1.6936381783940914e+09
1.6936381866383495e+09
1.6936381866407437e+09
1.6936381866413538e+09
