1.6936380392081714e+09
1.693638039209554e+09
1.6936380392106667e+09
1.6936380474232347e+09
1.693638047424321e+09
1.6936380474268794e+09
1.693638055844376e+09
1.6936380558479824e+09
1.693638055848576e+09
1.6936380641847951e+09
1.6936380641868808e+09
1.6936380641923234e+09
1.6936380722041795e+09
1.6936380722042115e+09
1.6936380722077987e+09
1.6936380802514162e+09
1.693638080251481e+09
1.6936380802555618e+09
1.6936380884734836e+09
1.6936380884749274e+09
1.6936380884817119e+09
1.6936380966449938e+09
1.6936380966451674e+09
1.6936380966478238e+09
1.6936381047093186e+09
1.6936381047129211e+09
1.6936381047130518e+09
1.6936381127166038e+09
1.6936381127175393e+09
1.6936381127186952e+09
1.6936381209428988e+09
1.693638120944107e+09
1.6936381209450355e+09
1.693638129246567e+09
1.693638129247793e+09
1.6936381292497575e+09
1.6936381374184053e+09
1.6936381374187376e+09
1.6936381374206965e+09
1.6936381457191546e+09
1.6936381457197492e+09
1.6936381457207818e+09
1.6936381537699945e+09
1.6936381537698083e+09
1.693638153771815e+09
1.6936381617409215e+09
1.6936381617432735e+09
1.693638161744236e+09
1.6936381697684612e+09
1.6936381697714715e+09
1.6936381697718072e+09
1.6936381780275922e+09
1.6936381780279431e+09
1.6936381780311754e+09
1.6936381861660323e+09
1.6936381861674192e+09
1.693638186168033e+09
