1.6936380393971e+09
1.6936380393989968e+09
1.693638039403029e+09
1.6936380475610912e+09
1.6936380475620847e+09
1.693638047564799e+09
1.693638055838924e+09
1.6936380558394604e+09
1.693638055840092e+09
1.6936380641447961e+09
1.6936380641450908e+09
1.6936380641503463e+09
1.6936380721650705e+09
1.6936380721652513e+09
1.6936380721683495e+09
1.6936380803359632e+09
1.6936380803384423e+09
1.6936380803399262e+09
1.6936380884654787e+09
1.693638088469579e+09
1.693638088470652e+09
1.6936380964527495e+09
1.6936380964531145e+09
1.693638096455551e+09
1.6936381049163015e+09
1.6936381049165928e+09
1.6936381049195158e+09
1.6936381131272426e+09
1.6936381131271994e+09
1.6936381131319783e+09
1.6936381210981898e+09
1.6936381210992095e+09
1.693638121105123e+09
1.6936381290746038e+09
1.6936381290746322e+09
1.6936381290757797e+09
1.6936381374192593e+09
1.69363813742172e+09
1.6936381374244452e+09
1.6936381456604393e+09
1.6936381456638832e+09
1.6936381456660988e+09
1.6936381538280191e+09
1.6936381538320146e+09
1.6936381538323562e+09
1.693638162036389e+09
1.6936381620410237e+09
1.6936381620419276e+09
1.6936381703722987e+09
1.6936381703737907e+09
1.6936381703742518e+09
1.6936381784404433e+09
1.6936381784404438e+09
1.6936381784435842e+09
1.6936381869587815e+09
1.693638186959542e+09
1.6936381869638612e+09
