1.693638039958466e+09
1.6936380399603283e+09
1.6936380399618638e+09
1.693638048286291e+09
1.6936380482870808e+09
1.6936380482919629e+09
1.6936380565239897e+09
1.6936380565251927e+09
1.6936380565258448e+09
1.6936380647430437e+09
1.693638064745311e+09
1.693638064749785e+09
1.6936380728741193e+09
1.693638072874064e+09
1.693638072876051e+09
1.6936380810188215e+09
1.6936380810193677e+09
1.693638081019471e+09
1.6936380892687676e+09
1.6936380892688549e+09
1.69363808927012e+09
1.693638097547552e+09
1.6936380975481696e+09
1.6936380975512383e+09
1.6936381057963932e+09
1.693638105798841e+09
1.6936381057993398e+09
1.6936381140067363e+09
1.6936381140073278e+09
1.6936381140088212e+09
1.693638122185656e+09
1.6936381221862016e+09
1.6936381221879659e+09
1.693638130527102e+09
1.6936381305273912e+09
1.6936381305299323e+09
1.6936381387965004e+09
1.6936381387975187e+09
1.6936381387995582e+09
1.6936381468501961e+09
1.6936381468515317e+09
1.693638146856826e+09
1.6936381551348562e+09
1.6936381551376643e+09
1.6936381551378732e+09
1.693638163590395e+09
1.693638163592337e+09
1.6936381635932915e+09
1.6936381719472158e+09
1.6936381719497871e+09
1.69363817195087e+09
1.6936381801611342e+09
1.6936381801624913e+09
1.6936381801655438e+09
1.693638188202322e+09
1.693638188204724e+09
1.6936381882057774e+09
