1.693633237823554e+09
1.6936332421450598e+09
1.6936332599813514e+09
1.6936332632817924e+09
1.6936332812851095e+09
1.6936332854032745e+09
1.6936333034107873e+09
1.6936333090819683e+09
1.6936333231479673e+09
1.6936333281935005e+09
1.6936333440858202e+09
1.6936333481269376e+09
1.6936333641956882e+09
1.6936333682639368e+09
1.6936333844039748e+09
1.6936333900957978e+09
1.6936334045699518e+09
1.6936334078329716e+09
1.69363342542575e+09
1.693633429523075e+09
1.6936334451864214e+09
1.6936334484372375e+09
1.6936334652794304e+09
1.6936334693383994e+09
1.693633485358663e+09
1.6936334899597392e+09
1.6936335054568264e+09
1.6936335079850657e+09
1.6936335265618706e+09
1.6936335317098718e+09
1.6936335472545736e+09
1.6936335523999462e+09
1.6936335685059147e+09
1.6936335730878398e+09
1.6936335885939882e+09
1.693633592619641e+09
1.6936336084966211e+09
1.6936336125802388e+09
1.6936336284429162e+09
1.6936336301565745e+09
1.6936336491080832e+09
1.6936336537079034e+09
1.693633669273896e+09
1.6936336733230295e+09
1.6936336920827343e+09
1.6936336961464057e+09
1.693633713275618e+09
1.6936337173530934e+09
1.693633733488184e+09
1.6936337375827136e+09
1.6936337552717955e+09
1.6936337593603609e+09
1.6936337757150445e+09
1.6936337797677512e+09
1.693633795906642e+09
1.69363380098833e+09
1.6936338165074162e+09
1.69363382056873e+09
