1.6936332377935715e+09
1.6936332403591342e+09
1.6936332599867384e+09
1.6936332641218758e+09
1.6936332812868364e+09
1.693633285299274e+09
1.6936333034134016e+09
1.6936333074225075e+09
1.6936333231514442e+09
1.6936333263908436e+09
1.6936333440795605e+09
1.69363334811517e+09
1.6936333641993496e+09
1.6936333698743944e+09
1.6936333844069617e+09
1.6936333889633322e+09
1.6936334045678625e+09
1.6936334062723866e+09
1.693633425425104e+09
1.6936334286857295e+09
1.6936334451909707e+09
1.6936334508518486e+09
1.6936334652754512e+09
1.6936334698856676e+09
1.6936334853578494e+09
1.6936334886217508e+09
1.6936335054540703e+09
1.6936335100371063e+09
1.6936335265640616e+09
1.6936335290317857e+09
1.6936335472552896e+09
1.6936335539952242e+09
1.6936335685086718e+09
1.6936335730789647e+09
1.6936335885955472e+09
1.6936335942493434e+09
1.6936336085010583e+09
1.6936336117431128e+09
1.693633628446402e+09
1.6936336330106568e+09
1.693633649106751e+09
1.6936336523423774e+09
1.693633669277628e+09
1.6936336733329434e+09
1.693633692086131e+09
1.6936336930190716e+09
1.6936337132767332e+09
1.6936337194939568e+09
1.6936337334902198e+09
1.6936337375439124e+09
1.6936337552705092e+09
1.6936337599198246e+09
1.693633775715219e+09
1.6936337797422404e+09
1.6936337959033132e+09
1.6936338004877782e+09
1.6936338165089633e+09
1.693633820567696e+09
