1.6936332599828146e+09
1.6936332812829034e+09
1.6936333034139278e+09
1.6936333231478086e+09
1.6936333440847208e+09
1.6936333641975753e+09
1.693633384404316e+09
1.6936334045706747e+09
1.6936334254211833e+09
1.693633445187371e+09
1.6936334652780359e+09
1.6936334853592024e+09
1.6936335054523032e+09
1.693633526561644e+09
1.693633547254828e+09
1.6936335685038905e+09
1.6936335885908473e+09
1.693633608495421e+09
1.693633628448012e+09
1.6936336491026037e+09
1.6936336692753627e+09
1.6936336920844111e+09
1.693633713274034e+09
1.6936337334864957e+09
1.6936337552689378e+09
1.6936337757190604e+09
1.6936337959063613e+09
1.6936338165097668e+09
