1.6936332376088922e+09
1.693633240310039e+09
1.6936332599832025e+09
1.693633264084666e+09
1.6936332812833107e+09
1.6936332852988355e+09
1.6936333034145257e+09
1.6936333074220343e+09
1.6936333231484077e+09
1.6936333271533222e+09
1.6936333440851533e+09
1.69363335031534e+09
1.6936333641980052e+09
1.6936333682207036e+09
1.6936333844047122e+09
1.6936333869134603e+09
1.6936334045713625e+09
1.6936334085883982e+09
1.6936334254221108e+09
1.693633429487082e+09
1.6936334451880128e+09
1.6936334524530268e+09
1.69363346527884e+09
1.693633469316963e+09
1.6936334853599916e+09
1.693633489954688e+09
1.6936335054527147e+09
1.693633509492854e+09
1.693633526562111e+09
1.6936335316519027e+09
1.6936335472552297e+09
1.693633551306533e+09
1.69363356850435e+09
1.693633572534718e+09
1.693633588591441e+09
1.693633593208663e+09
1.6936336084958665e+09
1.6936336125675383e+09
1.6936336284487436e+09
1.6936336317091622e+09
1.6936336491032708e+09
1.693633651593132e+09
1.6936336692757661e+09
1.693633671763841e+09
1.6936336920851932e+09
1.6936336945496767e+09
1.693633713274476e+09
1.6936337157525485e+09
1.693633733487193e+09
1.69363373599312e+09
1.6936337552697597e+09
1.6936337578216243e+09
1.6936337757197478e+09
1.693633780852021e+09
1.6936337959071634e+09
1.6936337999548936e+09
1.6936338165104187e+09
