1.6936332599797587e+09
1.693633281282835e+09
1.6936333034110723e+09
1.6936333231474922e+09
1.693633344085006e+09
1.693633364194403e+09
1.693633384403228e+09
1.6936334045704267e+09
1.693633425424594e+09
1.6936334451840694e+09
1.693633465271771e+09
1.6936334853599424e+09
1.693633505454154e+09
1.693633526564849e+09
1.6936335472567558e+09
1.69363356850693e+09
1.6936335885881698e+09
1.6936336084942403e+09
1.6936336284444916e+09
1.6936336491057675e+09
1.6936336692789567e+09
1.6936336920879052e+09
1.6936337132718832e+09
1.6936337334823606e+09
1.6936337552658184e+09
1.6936337757167544e+09
1.6936337959108725e+09
1.693633816509205e+09
