1.693633237665816e+09
1.6936332402795658e+09
1.693633259984718e+09
1.6936332641176882e+09
1.693633281285055e+09
1.6936332853942664e+09
1.6936333034119098e+09
1.693633309056926e+09
1.69363332314403e+09
1.6936333240833874e+09
1.6936333440796764e+09
1.6936333486984897e+09
1.6936333641991932e+09
1.693633369299372e+09
1.6936333844060674e+09
1.6936333901237152e+09
1.6936334045706937e+09
1.6936334086199784e+09
1.6936334254219887e+09
1.6936334295047328e+09
1.6936334451899638e+09
1.6936334498176925e+09
1.693633465274397e+09
1.6936334669746947e+09
1.6936334853605542e+09
1.6936334899467561e+09
1.693633505453807e+09
1.6936335095469787e+09
1.6936335265597668e+09
1.6936335305962777e+09
1.6936335472579286e+09
1.6936335539864473e+09
1.6936335685052285e+09
1.6936335709739964e+09
1.6936335885880296e+09
1.6936335926279051e+09
1.693633608489231e+09
1.6936336125573337e+09
1.6936336284452748e+09
1.6936336324850485e+09
1.6936336491089365e+09
1.6936336537055473e+09
1.6936336692774525e+09
1.6936336744206688e+09
1.693633692082334e+09
1.6936336961422696e+09
1.693633713275511e+09
1.693633718996211e+09
1.6936337334857674e+09
1.693633739688919e+09
1.6936337552658367e+09
1.6936337593672683e+09
1.6936337757111964e+09
1.6936337789630897e+09
1.6936337959119046e+09
1.6936338009924452e+09
1.6936338165090442e+09
