1.6936332599842365e+09
1.693633281281708e+09
1.6936333034104884e+09
1.6936333231467855e+09
1.6936333440800452e+09
1.693633364195701e+09
1.693633384400844e+09
1.69363340457079e+09
1.6936334254211836e+09
1.693633445191488e+09
1.6936334652738712e+09
1.693633485356032e+09
1.693633505448764e+09
1.6936335265637124e+09
1.6936335472516115e+09
1.6936335685038142e+09
1.6936335885913343e+09
1.6936336084967968e+09
1.6936336284426e+09
1.6936336491025372e+09
1.6936336692761056e+09
1.6936336920810504e+09
1.6936337132716713e+09
1.693633733484578e+09
1.6936337552689831e+09
1.693633775714224e+09
1.6936337959071076e+09
1.6936338165127716e+09
