1.6936332427095664e+09
1.6936332478481467e+09
1.6936332599806445e+09
1.6936332646640043e+09
1.693633281283388e+09
1.6936332837436304e+09
1.6936333034114625e+09
1.6936333066612349e+09
1.6936333231479037e+09
1.6936333276898434e+09
1.6936333440856214e+09
1.6936333481303504e+09
1.6936333641951275e+09
1.693633367434408e+09
1.6936333844036362e+09
1.6936333853618615e+09
1.6936334045711508e+09
1.6936334085888128e+09
1.6936334254251926e+09
1.693633431121915e+09
1.6936334451845365e+09
1.6936334484502375e+09
1.6936334652725708e+09
1.6936334669857316e+09
1.6936334853605566e+09
1.693633488639696e+09
1.693633505454553e+09
1.693633509497866e+09
1.693633526565258e+09
1.693633531671989e+09
1.69363354725715e+09
1.6936335545555894e+09
1.6936335685075333e+09
1.6936335725387774e+09
1.6936335885885797e+09
1.6936335910763755e+09
1.693633608494665e+09
1.693633613622901e+09
1.6936336284448915e+09
1.6936336309412386e+09
1.693633649106172e+09
1.693633653139093e+09
1.6936336692794852e+09
1.6936336733334868e+09
1.6936336920882936e+09
1.6936336966683898e+09
1.6936337132725184e+09
1.6936337157455475e+09
1.6936337334828987e+09
1.6936337367476547e+09
1.6936337552662187e+09
1.6936337599019172e+09
1.693633775717254e+09
1.693633779763259e+09
1.6936337959116764e+09
1.6936338004954615e+09
1.6936338165097723e+09
