1.693633259980697e+09
1.6936332812846591e+09
1.6936333034130673e+09
1.6936333231437628e+09
1.6936333440806878e+09
1.6936333641977715e+09
1.693633384400986e+09
1.6936334045725586e+09
1.6936334254252465e+09
1.6936334451890604e+09
1.6936334652750354e+09
1.6936334853559985e+09
1.6936335054539957e+09
1.6936335265639935e+09
1.6936335472528524e+09
1.6936335685079768e+09
1.693633588588797e+09
1.693633608491993e+09
1.6936336284436107e+09
1.6936336491090443e+09
1.6936336692790024e+09
1.6936336920830076e+09
1.6936337132775698e+09
1.6936337334841893e+09
1.6936337552704248e+09
1.6936337757164817e+09
1.6936337959040794e+09
1.6936338165114043e+09
