1.6936332421414661e+09
1.6936332473600564e+09
1.6936332599811215e+09
1.6936332640838468e+09
1.6936332812820694e+09
1.693633285396642e+09
1.6936333034138725e+09
1.6936333043737192e+09
1.693633323149121e+09
1.693633328207944e+09
1.6936333440838902e+09
1.6936333481259322e+09
1.693633364194631e+09
1.6936333658915834e+09
1.693633384408813e+09
1.6936333887590811e+09
1.6936334045743494e+09
1.693633408625545e+09
1.6936334254246995e+09
1.6936334295082629e+09
1.6936334451883168e+09
1.6936334492371593e+09
1.6936334652775412e+09
1.6936334698742335e+09
1.6936334853578868e+09
1.6936334899479814e+09
1.6936335054573262e+09
1.693633511679751e+09
1.6936335265583482e+09
1.6936335305996025e+09
1.693633547251836e+09
1.6936335489789205e+09
1.6936335685069222e+09
1.693633573640166e+09
1.6936335885894313e+09
1.6936335926190996e+09
1.6936336084950428e+09
1.6936336125837004e+09
1.6936336284427748e+09
1.693633630158794e+09
1.6936336491029432e+09
1.6936336531421835e+09
1.6936336692707767e+09
1.6936336733549263e+09
1.693633692086175e+09
1.6936336961390574e+09
1.693633713271462e+09
1.6936337189848886e+09
1.6936337334892998e+09
1.6936337375739105e+09
1.6936337552658322e+09
1.693633759366643e+09
1.6936337757179651e+09
1.693633779757609e+09
1.6936337959029176e+09
1.6936338009945743e+09
1.6936338165145414e+09
1.6936338205767834e+09
