1.6936332599858809e+09
1.6936332812847672e+09
1.6936333034151406e+09
1.6936333231436887e+09
1.6936333440819542e+09
1.693633364198863e+09
1.6936333844051616e+09
1.6936334045674136e+09
1.6936334254248476e+09
1.6936334451907058e+09
1.6936334652773757e+09
1.693633485358399e+09
1.693633505452416e+09
1.6936335265605824e+09
1.6936335472565973e+09
1.6936335685040789e+09
1.6936335885942693e+09
1.6936336084959311e+09
1.6936336284481378e+09
1.6936336491087346e+09
1.6936336692766356e+09
1.693633692084485e+09
1.6936337132786517e+09
1.6936337334851635e+09
1.6936337552652855e+09
1.693633775718698e+09
1.6936337959038415e+09
1.6936338165095422e+09
