1.6936332599858963e+09
1.6936332812864325e+09
1.6936333034128928e+09
1.693633323150776e+09
1.6936333440789127e+09
1.693633364198618e+09
1.6936333844062455e+09
1.6936334045671196e+09
1.6936334254244566e+09
1.6936334451903794e+09
1.6936334652747567e+09
1.6936334853573961e+09
1.6936335054536743e+09
1.6936335265633085e+09
1.6936335472546601e+09
1.6936335685079358e+09
1.6936335885948274e+09
1.6936336085004199e+09
1.6936336284457927e+09
1.6936336491062698e+09
1.6936336692772353e+09
1.6936336920857372e+09
1.693633713276055e+09
1.6936337334896169e+09
1.6936337552698898e+09
1.6936337757146716e+09
1.6936337959024432e+09
1.693633816508343e+09
