1.693633237749714e+09
1.693633240283306e+09
1.69363325998484e+09
1.6936332640906615e+09
1.6936332812825017e+09
1.6936332829923317e+09
1.6936333034111133e+09
1.693633309064093e+09
1.6936333231473377e+09
1.693633328208964e+09
1.6936333440804594e+09
1.6936333481188293e+09
1.693633364196119e+09
1.6936333682662494e+09
1.693633384401529e+09
1.693633389560038e+09
1.6936334045713856e+09
1.693633407832323e+09
1.693633425421924e+09
1.693633429498401e+09
1.6936334451921222e+09
1.693633449254603e+09
1.6936334652742987e+09
1.693633469329619e+09
1.6936334853565342e+09
1.6936334863010306e+09
1.6936335054492185e+09
1.6936335094980206e+09
1.6936335265644126e+09
1.693633530575686e+09
1.6936335472520158e+09
1.6936335497591364e+09
1.6936335685042434e+09
1.693633573623534e+09
1.6936335885921056e+09
1.6936335926390786e+09
1.6936336084974082e+09
1.6936336125805712e+09
1.6936336284432032e+09
1.693633635202385e+09
1.6936336491029644e+09
1.6936336500453062e+09
1.6936336692769296e+09
1.693633670993092e+09
1.6936336920818706e+09
1.6936336961440053e+09
1.693633713272139e+09
1.6936337189555855e+09
1.6936337334849784e+09
1.6936337375475163e+09
1.6936337552699258e+09
1.693633759384213e+09
1.6936337757146244e+09
1.6936337797376425e+09
1.693633795907607e+09
1.6936338010070727e+09
1.693633816513391e+09
1.6936338206046615e+09
