1.6936332377151768e+09
1.6936332403101423e+09
1.6936332599813676e+09
1.6936332640939155e+09
1.6936332812852783e+09
1.693633285283655e+09
1.6936333034134593e+09
1.6936333074128628e+09
1.693633323144293e+09
1.6936333248664043e+09
1.6936333440811005e+09
1.693633348680352e+09
1.6936333641985488e+09
1.6936333682266555e+09
1.6936333844016185e+09
1.69363338896355e+09
1.6936334045731719e+09
1.69363340858405e+09
1.693633425426003e+09
1.693633429468892e+09
1.6936334451898577e+09
1.6936334508535047e+09
1.6936334652754834e+09
1.693633469903658e+09
1.6936334853564785e+09
1.693633487857866e+09
1.6936335054544191e+09
1.6936335095103874e+09
1.6936335265647576e+09
1.6936335316669898e+09
1.693633547253268e+09
1.6936335497340164e+09
1.6936335685083678e+09
1.693633572527544e+09
1.693633588589492e+09
1.6936335931829107e+09
1.6936336084924068e+09
1.6936336102316658e+09
1.693633628444147e+09
1.6936336317115319e+09
1.6936336491098263e+09
1.6936336531530275e+09
1.6936336692794118e+09
1.6936336717494524e+09
1.6936336920836987e+09
1.6936336966625104e+09
1.6936337132781746e+09
1.6936337173372352e+09
1.693633733484662e+09
1.6936337375629566e+09
1.6936337552708147e+09
1.6936337578176446e+09
1.6936337757168856e+09
1.6936337797361605e+09
1.6936337959046738e+09
1.6936337984318702e+09
1.6936338165120668e+09
