1.693633259980945e+09
1.6936332812844937e+09
1.6936333034099565e+09
1.693633323147339e+09
1.6936333440854323e+09
1.693633364195098e+09
1.6936333844034457e+09
1.6936334045694797e+09
1.6936334254252388e+09
1.693633445186014e+09
1.693633465278742e+09
1.6936334853582153e+09
1.693633505456197e+09
1.6936335265614374e+09
1.6936335472541645e+09
1.6936335685053144e+09
1.6936335885933714e+09
1.6936336084962347e+09
1.693633628442416e+09
1.6936336491074834e+09
1.6936336692732947e+09
1.6936336920821815e+09
1.6936337132749481e+09
1.6936337334873972e+09
1.6936337552711227e+09
1.693633775714278e+09
1.6936337959062493e+09
1.693633816506951e+09
