1.6936332599806974e+09
1.6936332812809522e+09
1.69363330341347e+09
1.6936333231487198e+09
1.6936333440832143e+09
1.6936333641939507e+09
1.693633384408201e+09
1.693633404573639e+09
1.693633425422571e+09
1.6936334451878958e+09
1.6936334652771132e+09
1.6936334853571837e+09
1.6936335054567013e+09
1.6936335265577104e+09
1.693633547251423e+09
1.6936335685065322e+09
1.6936335885890524e+09
1.6936336084945521e+09
1.6936336284423034e+09
1.6936336491023805e+09
1.6936336692700064e+09
1.69363369208558e+09
1.6936337132708561e+09
1.6936337334888954e+09
1.693633755265251e+09
1.693633775717246e+09
1.693633795902426e+09
1.6936338165137882e+09
