1.693633259984344e+09
1.6936332812846406e+09
1.6936333034115207e+09
1.6936333231434937e+09
1.6936333440789328e+09
1.693633364198776e+09
1.6936333844052303e+09
1.693633404570274e+09
1.6936334254211922e+09
1.6936334451892066e+09
1.6936334652740061e+09
1.6936334853598676e+09
1.6936335054531918e+09
1.6936335265593503e+09
1.6936335472572596e+09
1.6936335685048525e+09
1.6936335885874913e+09
1.6936336084886773e+09
1.6936336284448717e+09
1.6936336491083298e+09
1.693633669276672e+09
1.693633692081679e+09
1.693633713275116e+09
1.6936337334853702e+09
1.693633755265344e+09
1.6936337757107344e+09
1.6936337959111333e+09
1.6936338165085058e+09
