1.6936332375817997e+09
1.6936332410639162e+09
1.6936332599866512e+09
1.6936332646213052e+09
1.6936332812853782e+09
1.6936332853251412e+09
1.6936333034158087e+09
1.693633309043342e+09
1.6936333231444862e+09
1.693633328192756e+09
1.6936333440823457e+09
1.6936333457818313e+09
1.6936333641995614e+09
1.6936333687606719e+09
1.6936333844056425e+09
1.6936333887453594e+09
1.693633404567803e+09
1.6936334078384018e+09
1.6936334254252396e+09
1.6936334300786939e+09
1.6936334451914017e+09
1.6936334497938128e+09
1.6936334652783554e+09
1.6936334714485407e+09
1.6936334853588784e+09
1.6936334893900306e+09
1.693633505453077e+09
1.6936335072024086e+09
1.6936335265609782e+09
1.693633530580569e+09
1.6936335472572107e+09
1.6936335513112612e+09
1.693633568504474e+09
1.693633570975522e+09
1.6936335885951388e+09
1.6936335926435623e+09
1.6936336084963737e+09
1.6936336125816135e+09
1.693633628448795e+09
1.6936336341125734e+09
1.6936336491094174e+09
1.693633653667366e+09
1.693633669277393e+09
1.6936336717713523e+09
1.693633692085173e+09
1.6936336961478186e+09
1.6936337132793157e+09
1.693633717350064e+09
1.6936337334855523e+09
1.6936337367636273e+09
1.6936337552656913e+09
1.6936337569991493e+09
1.6936337757194257e+09
1.6936337797740796e+09
1.6936337959042475e+09
1.6936337976332154e+09
1.693633816510059e+09
1.6936338197838857e+09
