1.6936332599819446e+09
1.6936332812816482e+09
1.6936333034124084e+09
1.6936333231481583e+09
1.693633344080033e+09
1.6936333641982858e+09
1.6936333844049268e+09
1.6936334045722911e+09
1.6936334254271746e+09
1.6936334451874828e+09
1.693633465272403e+09
1.6936334853586235e+09
1.6936335054509313e+09
1.6936335265616474e+09
1.693633547249487e+09
1.69363356850295e+09
1.6936335885902565e+09
1.693633608491005e+09
1.6936336284480124e+09
1.6936336491027231e+09
1.6936336692793844e+09
1.6936336920870242e+09
1.6936337132781239e+09
1.6936337334879582e+09
1.693633755264587e+09
1.6936337757115805e+09
1.69363379590392e+09
1.693633816512598e+09
