1.6936332378566542e+09
1.693633242185871e+09
1.6936332599824038e+09
1.6936332640894275e+09
1.6936332812824166e+09
1.6936332852934835e+09
1.6936333034127898e+09
1.693633307435092e+09
1.6936333231489608e+09
1.6936333271615827e+09
1.693633344080649e+09
1.6936333481246002e+09
1.6936333641989667e+09
1.693633368258931e+09
1.6936333844055364e+09
1.6936333884380534e+09
1.693633404572705e+09
1.693633407818534e+09
1.6936334254278958e+09
1.6936334294877093e+09
1.6936334451878812e+09
1.6936334492489471e+09
1.6936334652728076e+09
1.693633467763346e+09
1.6936334853590112e+09
1.693633489409652e+09
1.6936335054518485e+09
1.6936335087161653e+09
1.6936335265623064e+09
1.6936335305812278e+09
1.693633547249969e+09
1.6936335481901011e+09
1.6936335685038743e+09
1.6936335717461512e+09
1.6936335885906448e+09
1.6936335918583765e+09
1.6936336084915721e+09
1.69363361254049e+09
1.693633628448689e+09
1.6936336330495718e+09
1.6936336491031346e+09
1.6936336552446284e+09
1.693633669279993e+09
1.693633674412056e+09
1.6936336920876992e+09
1.693633696103073e+09
1.693633713278728e+09
1.6936337173320582e+09
1.693633733488611e+09
1.693633737542389e+09
1.6936337552650454e+09
1.6936337578172126e+09
1.693633775711991e+09
1.6936337781735349e+09
1.6936337959043694e+09
1.6936337968583705e+09
1.6936338165132542e+09
1.6936338206006293e+09
