1.693633257855196e+09
1.6936332597002788e+09
1.693633279171811e+09
1.6936332810086644e+09
1.6936333012636404e+09
1.693633303129076e+09
1.6936333209976308e+09
1.6936333228646443e+09
1.6936333419472837e+09
1.6936333438010323e+09
1.6936333620200624e+09
1.69363336391139e+09
1.6936333822379096e+09
1.6936333841183605e+09
1.6936334024161265e+09
1.6936334042822366e+09
1.6936334232277038e+09
1.6936334251315935e+09
1.6936334430174766e+09
1.6936334449021156e+09
1.6936334631155849e+09
1.693633464989189e+09
1.693633483175557e+09
1.693633485066804e+09
1.693633503299781e+09
1.693633505167562e+09
1.6936335244005876e+09
1.6936335262758515e+09
1.6936335450896072e+09
1.6936335469699655e+09
1.6936335663575485e+09
1.6936335682232332e+09
1.69363358643472e+09
1.69363358830568e+09
1.6936336063270812e+09
1.693633608205718e+09
1.6936336262842355e+09
1.6936336281563146e+09
1.6936336469418173e+09
1.69363364881745e+09
1.693633667111448e+09
1.6936336689853623e+09
1.6936336899114404e+09
1.6936336917865536e+09
1.6936337111298308e+09
1.6936337129869983e+09
1.6936337313135908e+09
1.6936337331946034e+09
1.6936337530960329e+09
1.6936337549833221e+09
1.6936337735266895e+09
1.693633775429606e+09
1.6936337937546816e+09
1.6936337956243134e+09
1.693633814329148e+09
1.6936338162123592e+09
