1.6936332376088908e+09
1.693633257855196e+09
1.6936332599832036e+09
1.693633279171811e+09
1.6936332812833104e+09
1.6936333012636404e+09
1.693633303414523e+09
1.6936333209976308e+09
1.6936333231484091e+09
1.6936333419472837e+09
1.6936333440851529e+09
1.6936333620200624e+09
1.6936333641980045e+09
1.6936333822379096e+09
1.6936333844047103e+09
1.6936334024161265e+09
1.6936334045713608e+09
1.6936334232277038e+09
1.6936334254220517e+09
1.6936334430174766e+09
1.693633445187986e+09
1.6936334631155849e+09
1.6936334652788358e+09
1.693633483175557e+09
1.693633485359991e+09
1.693633503299781e+09
1.693633505452715e+09
1.6936335244005876e+09
1.6936335265620816e+09
1.6936335450896072e+09
1.6936335472552261e+09
1.6936335663575485e+09
1.6936335685043137e+09
1.69363358643472e+09
1.69363358859144e+09
1.6936336063270812e+09
1.693633608495829e+09
1.6936336262842355e+09
1.6936336284487436e+09
1.6936336469418173e+09
1.6936336491032252e+09
1.693633667111448e+09
1.693633669275761e+09
1.6936336899114404e+09
1.6936336920851955e+09
1.6936337111298308e+09
1.693633713274435e+09
1.6936337313135908e+09
1.6936337334871912e+09
1.6936337530960329e+09
1.6936337552697606e+09
1.6936337735266895e+09
1.693633775719745e+09
1.6936337937546816e+09
1.6936337959071388e+09
1.693633814329148e+09
1.6936338165104105e+09
