1.6936378576482728e+09
1.6936378576484573e+09
1.6936378576496356e+09
1.6936378657877467e+09
1.6936378657887027e+09
1.693637865791812e+09
1.693637874095007e+09
1.693637874096437e+09
1.6936378740974472e+09
1.6936378824342313e+09
1.6936378824353352e+09
1.6936378824375463e+09
1.6936378906226277e+09
1.6936378906234484e+09
1.6936378906255934e+09
1.693637898941296e+09
1.6936378989412992e+09
1.693637898942345e+09
1.6936379073142548e+09
1.693637907315469e+09
1.6936379073199975e+09
1.6936379155296917e+09
1.6936379155315256e+09
1.6936379155337582e+09
1.6936379237838356e+09
1.6936379237852938e+09
1.6936379237890592e+09
1.6936379321328642e+09
1.693637932133762e+09
1.693637932134016e+09
1.6936379404274337e+09
1.6936379404275787e+09
1.6936379404279506e+09
1.6936379485573375e+09
1.6936379485578942e+09
1.693637948560903e+09
1.6936379566384475e+09
1.6936379566401887e+09
1.693637956643408e+09
1.6936379647492993e+09
1.6936379647492993e+09
1.6936379647501016e+09
1.6936379731462212e+09
1.6936379731476414e+09
1.6936379731481216e+09
1.6936379814575102e+09
1.6936379814574215e+09
1.69363798145822e+09
1.6936379896363952e+09
1.6936379896399803e+09
1.693637989640301e+09
1.6936379978366544e+09
1.6936379978384807e+09
1.6936379978402386e+09
1.6936380060614073e+09
1.6936380060621085e+09
1.6936380060627358e+09
