1.693637860184167e+09
1.6936378601854875e+09
1.6936378601868129e+09
1.6936378684290328e+09
1.6936378684293604e+09
1.6936378684300437e+09
1.693637876688253e+09
1.6936378766882715e+09
1.6936378766908214e+09
1.6936378850650768e+09
1.6936378850686896e+09
1.693637885072236e+09
1.6936378932276285e+09
1.6936378932281961e+09
1.6936378932300065e+09
1.6936379016503818e+09
1.6936379016504116e+09
1.6936379016536317e+09
1.693637909926509e+09
1.6936379099288661e+09
1.6936379099342833e+09
1.6936379181748827e+09
1.6936379181748724e+09
1.6936379181764274e+09
1.6936379261789315e+09
1.6936379261793554e+09
1.6936379261847303e+09
1.6936379344522967e+09
1.693637934452686e+09
1.6936379344560397e+09
1.6936379428719993e+09
1.6936379428737833e+09
1.6936379428740678e+09
1.6936379513360353e+09
1.6936379513383071e+09
1.6936379513394055e+09
1.6936379596754105e+09
1.6936379596753535e+09
1.6936379596773715e+09
1.6936379680152001e+09
1.693637968015817e+09
1.6936379680161595e+09
1.6936379763221238e+09
1.6936379763231719e+09
1.693637976325861e+09
1.6936379843948085e+09
1.6936379843969913e+09
1.6936379843983e+09
1.6936379926916363e+09
1.693637992694923e+09
1.6936379926950178e+09
1.693638001261449e+09
1.6936380012662055e+09
1.6936380012662547e+09
