1.6936378609192286e+09
1.6936378609217043e+09
1.6936378609223216e+09
1.6936378691738005e+09
1.6936378691752367e+09
1.6936378691781373e+09
1.6936378773695352e+09
1.69363787737136e+09
1.6936378773727963e+09
1.693637885502097e+09
1.693637885503333e+09
1.69363788550437e+09
1.6936378938918214e+09
1.6936378938922467e+09
1.6936378938946307e+09
1.6936379022241313e+09
1.6936379022267528e+09
1.6936379022273722e+09
1.6936379104191883e+09
1.6936379104228508e+09
1.6936379104248624e+09
1.6936379189131405e+09
1.6936379189142082e+09
1.6936379189165509e+09
1.6936379272807758e+09
1.6936379272835152e+09
1.693637927283561e+09
1.6936379353638535e+09
1.693637935365136e+09
1.693637935366166e+09
1.6936379434894023e+09
1.6936379434933412e+09
1.693637943493752e+09
1.693637951787642e+09
1.6936379517900295e+09
1.6936379517919638e+09
1.6936379600854075e+09
1.6936379600871406e+09
1.6936379600897412e+09
1.6936379683240917e+09
1.693637968326474e+09
1.6936379683309512e+09
1.6936379766600468e+09
1.6936379766631606e+09
1.6936379766675766e+09
1.6936379851019251e+09
1.6936379851034565e+09
1.693637985104903e+09
1.693637993350168e+09
1.6936379933507302e+09
1.6936379933525774e+09
1.693638001664912e+09
1.693638001666811e+09
1.6936380016677465e+09
