1.693637860711267e+09
1.693637860713154e+09
1.6936378607163694e+09
1.6936378690718281e+09
1.6936378690727596e+09
1.69363786907634e+09
1.6936378772154217e+09
1.6936378772183905e+09
1.6936378772184258e+09
1.6936378855297048e+09
1.6936378855309718e+09
1.6936378855366306e+09
1.693637893923176e+09
1.693637893926888e+09
1.6936378939272463e+09
1.6936379023098893e+09
1.6936379023118236e+09
1.6936379023153045e+09
1.693637910620528e+09
1.6936379106214206e+09
1.6936379106254358e+09
1.6936379187168941e+09
1.6936379187207003e+09
1.6936379187260482e+09
1.693637926978168e+09
1.6936379269786038e+09
1.6936379269810927e+09
1.6936379352785637e+09
1.6936379352837691e+09
1.6936379352852926e+09
1.6936379435652122e+09
1.6936379435653021e+09
1.6936379435681455e+09
1.6936379518418677e+09
1.6936379518431199e+09
1.6936379518452957e+09
1.6936379600078776e+09
1.693637960007729e+09
1.693637960010285e+09
1.6936379685293546e+09
1.6936379685314238e+09
1.6936379685333235e+09
1.6936379768518262e+09
1.6936379768533587e+09
1.693637976856205e+09
1.6936379852382247e+09
1.6936379852394407e+09
1.6936379852400286e+09
1.693637993415952e+09
1.6936379934189248e+09
1.693637993422358e+09
1.6936380015784383e+09
1.6936380015794177e+09
1.6936380015804212e+09
