1.693637861271079e+09
1.6936378612718475e+09
1.6936378612728283e+09
1.693637869738474e+09
1.6936378697390459e+09
1.6936378697391958e+09
1.6936378779531255e+09
1.6936378779536257e+09
1.6936378779536421e+09
1.6936378863946168e+09
1.6936378863991575e+09
1.6936378864004557e+09
1.693637894800101e+09
1.6936378948003771e+09
1.693637894803852e+09
1.6936379031178992e+09
1.6936379031185122e+09
1.6936379031206253e+09
1.693637911341762e+09
1.6936379113423018e+09
1.6936379113449786e+09
1.6936379196713648e+09
1.693637919672505e+09
1.6936379196725366e+09
1.693637927801424e+09
1.6936379278030396e+09
1.6936379278060753e+09
1.6936379359849467e+09
1.6936379359883766e+09
1.693637935993274e+09
1.69363794443254e+09
1.6936379444355395e+09
1.6936379444382794e+09
1.693637952713874e+09
1.6936379527142885e+09
1.693637952714727e+09
1.6936379610007374e+09
1.6936379610017152e+09
1.6936379610040267e+09
1.6936379691243184e+09
1.6936379691253853e+09
1.6936379691266398e+09
1.6936379774308739e+09
1.6936379774309213e+09
1.693637977434044e+09
1.693637985826693e+09
1.6936379858272681e+09
1.6936379858272269e+09
1.6936379939662452e+09
1.69363799396657e+09
1.6936379939676373e+09
1.6936380021769311e+09
1.693638002177144e+09
1.693638002183355e+09
