1.6936378616136832e+09
1.6936378616153798e+09
1.6936378616166265e+09
1.6936378700357213e+09
1.6936378700364175e+09
1.693637870037237e+09
1.693637878101493e+09
1.693637878101493e+09
1.693637878103543e+09
1.6936378866165683e+09
1.6936378866172373e+09
1.6936378866170912e+09
1.6936378948416708e+09
1.6936378948417532e+09
1.6936378948433924e+09
1.6936379030048115e+09
1.6936379030055635e+09
1.6936379030091617e+09
1.69363791117728e+09
1.693637911177836e+09
1.6936379111792023e+09
1.6936379196000652e+09
1.6936379196026292e+09
1.6936379196044102e+09
1.6936379278871047e+09
1.6936379278912995e+09
1.6936379278913608e+09
1.6936379362368093e+09
1.6936379362367668e+09
1.6936379362431688e+09
1.6936379444016628e+09
1.693637944401865e+09
1.6936379444026804e+09
1.693637952442828e+09
1.6936379524431126e+09
1.6936379524443104e+09
1.693637960769676e+09
1.6936379607707803e+09
1.693637960773347e+09
1.693637968955452e+09
1.6936379689558408e+09
1.693637968956169e+09
1.6936379772746494e+09
1.6936379772748728e+09
1.6936379772792149e+09
1.6936379854404855e+09
1.6936379854428658e+09
1.6936379854445076e+09
1.6936379938212214e+09
1.693637993822001e+09
1.693637993822632e+09
1.6936380020963974e+09
1.6936380020983915e+09
1.693638002100579e+09
